136 21 117
5 3 4 8 6 5 7 4 5 8 5 3 3 5 8 7 8 12 11 11 8 
5 2 4 4 5 5 7 3 4 7 4 3 3 3 8 5 7 11 10 11 6 
0 832 1160 1768 2989 2882 3080 3485 3240 3812 3091 5056 5007 5074 5034 5510 5566 3199 3342 4167 4235 4711 4910 4231 4967 4548 4956 5336 4291 4439 4696 4949 5235 5554 5910 4795 4950 5165 5511 6077 5039 5343 5310 5885 5465 5540 5589 5624 6321 6858 7005 5666 6076 6168 6601 6505 6600 6855 6909 6947 7129 7176 7246 7041 7429 7661 7804 7805 8046 8387 8656 7031 7213 7593 7768 7888 7988 8112 8702 8898 9110 8675 10046 9845 9636 8932 8749 8617 9054 9289 9323 9222 9612 9743 9777 10145 10425 10912 11239 11556 11677 11980 12091 12344 13365 13608 15362 15638 14183 14311 13997 13906 13646 13376 13355 12848 12986 13718 13538 13291 13188 13220 12972 12892 12585 12009 12365 12324 12335 11972 11680 11361 11396 11049 10798 10577 11016 
832 0 392 991 2235 2283 2440 2948 2705 3354 2822 4742 4757 4850 4848 5395 5604 2441 2631 3378 3438 3930 4131 3528 4226 3902 4271 4635 3856 3970 4167 4416 4643 4954 5306 4377 4520 4674 4998 5528 4668 4990 4894 5427 5238 5260 5289 5292 5874 6397 6576 4956 5378 5498 5942 5818 5886 6171 6232 6287 6433 6507 6616 6454 6840 7039 7189 7212 7455 7807 8121 6533 6740 7155 7308 7479 7611 7777 8407 8617 8792 8277 9812 9579 9337 8549 8310 8144 8551 8792 8797 8545 9052 9177 9198 9625 9828 10320 10693 11001 11155 11504 11582 11769 12746 12954 14644 15013 13607 13783 13504 13391 13120 12822 12755 12308 12534 13308 13178 12934 12878 12955 12720 12640 12194 11625 12059 12044 12194 11909 11623 11271 11239 10884 10584 10206 10579 
1160 392 0 916 2123 2315 2434 3006 2770 3451 3026 4894 4939 5042 5056 5626 5887 2318 2556 3198 3246 3756 3959 3445 4097 3864 4196 4543 3957 4051 4208 4452 4637 4939 5286 4481 4616 4733 5040 5543 4793 5121 4994 5498 5425 5424 5443 5430 5948 6459 6654 4852 5282 5424 5875 5729 5773 6082 6150 6217 6332 6430 6566 6437 6819 6994 7149 7187 7429 7787 8128 6572 6793 7224 7364 7563 7710 7896 8543 8758 8913 8362 9968 9721 9465 8640 8372 8188 8575 8819 8807 8451 9038 9159 9171 9633 9787 10279 10681 10981 11154 11529 11587 11733 12675 12857 14490 14923 13560 13763 13506 13382 13107 12793 12697 12290 12566 13357 13254 13013 12980 13080 12851 12772 12261 11698 12169 12166 12379 12127 11844 11480 11422 11066 10746 10295 10630 
1768 991 916 0 1246 1416 1521 2115 1886 2585 2314 4071 4153 4270 4310 4914 5288 1451 1653 2401 2468 2948 3148 2549 3236 2952 3297 3654 3090 3168 3303 3544 3721 4024 4371 3612 3740 3834 4133 4629 3940 4272 4118 4603 4642 4609 4617 4587 5053 5557 5759 3971 4396 4525 4973 4838 4900 5192 5256 5317 5450 5534 5658 5522 5905 6085 6239 6274 6516 6873 7213 5662 5887 6325 6459 6670 6826 7026 7684 7904 8042 7468 9124 8866 8598 7749 7468 7278 7661 7905 7891 7565 8124 8245 8259 8718 8878 9370 9767 10068 10239 10615 10672 10823 11779 11975 13654 14038 12655 12851 12591 12468 12193 11883 11796 11377 11651 12445 12350 12111 12089 12202 11979 11901 11355 10795 11284 11289 11557 11349 11073 10695 10602 10245 9905 9400 9720 
2989 2235 2123 1246 0 825 677 1348 1221 1876 2145 3386 3571 3716 3817 4465 5045 211 476 1213 1303 1733 1929 1328 1991 1794 2080 2422 2322 2319 2320 2533 2605 2885 3218 2799 2889 2869 3112 3535 3170 3497 3255 3635 4038 3923 3896 3817 4076 4539 4773 2732 3161 3306 3758 3607 3657 3961 4028 4098 4212 4309 4458 4362 4737 4888 5045 5098 5339 5700 6074 4595 4843 5308 5412 5676 5865 6109 6791 7020 7109 6462 8251 7965 7669 6752 6418 6196 6544 6789 6751 6330 6953 7069 7073 7571 7677 8168 8591 8884 9074 9478 9511 9623 10553 10739 12410 12804 11442 11658 11419 11286 11008 10685 10578 10191 10517 11327 11269 11038 11054 11203 10997 10922 10271 9727 10274 10302 10701 10589 10331 9929 9765 9412 9028 8374 8627 
2882 2283 2315 1416 825 0 262 702 487 1198 1321 2719 2855 2989 3068 3707 4242 918 718 1778 1896 2184 2348 1440 2236 1671 2106 2501 1695 1757 1895 2142 2367 2682 3037 2211 2332 2421 2728 3247 2554 2887 2711 3188 3336 3262 3255 3206 3638 4146 4345 2841 3228 3296 3723 3642 3767 3988 4036 4068 4271 4299 4366 4179 4566 4784 4928 4940 5182 5531 5840 4262 4479 4912 5051 5255 5412 5617 6280 6503 6632 6054 7728 7463 7190 6334 6059 5876 6273 6515 6516 6345 6772 6899 6923 7344 7561 8051 8413 8722 8873 9228 9301 9495 10493 10728 12492 12767 11336 11502 11223 11110 10839 10545 10492 10027 10261 11046 10941 10701 10675 10788 10566 10488 9947 9385 9870 9876 10171 9998 9729 9340 9220 8863 8509 7986 8318 
3080 2440 2434 1521 677 262 0 688 544 1216 1518 2739 2906 3049 3144 3791 4371 720 466 1523 1642 1922 2087 1194 1985 1472 1883 2272 1686 1714 1793 2030 2208 2516 2868 2185 2292 2334 2619 3110 2545 2876 2667 3106 3379 3280 3262 3197 3555 4048 4261 2610 3006 3089 3523 3428 3541 3777 3829 3869 4055 4097 4182 4017 4402 4604 4752 4774 5017 5370 5697 4144 4373 4818 4945 5171 5339 5560 6233 6458 6571 5967 7688 7413 7131 6251 5955 5759 6142 6386 6375 6143 6617 6741 6760 7202 7390 7881 8260 8565 8727 9096 9158 9331 10314 10538 12285 12586 11169 11348 11079 10960 10687 10385 10319 9873 10132 10926 10835 10597 10585 10711 10494 10417 9838 9281 9787 9801 10137 9990 9725 9330 9190 8835 8468 7895 8202 
3485 2948 3006 2115 1348 702 688 0 247 530 1130 2052 2224 2369 2474 3124 3747 1342 993 1882 2009 2127 2244 1224 1993 1207 1701 2100 1004 1056 1221 1473 1763 2085 2440 1514 1632 1730 2051 2596 1865 2198 2010 2493 2694 2594 2577 2518 2943 3456 3649 2440 2777 2791 3189 3153 3326 3485 3521 3529 3782 3767 3787 3559 3947 4193 4329 4322 4563 4903 5186 3586 3795 4220 4364 4559 4712 4916 5580 5803 5931 5357 7029 6762 6489 5637 5370 5197 5605 5846 5859 5799 6132 6262 6294 6685 6942 7429 7766 8080 8218 8557 8641 8863 9883 10138 11935 12155 10703 10852 10561 10454 10187 9903 9872 9380 9587 10364 10250 10009 9978 10088 9866 9788 9259 8694 9171 9176 9474 9313 9046 8653 8525 8168 7811 7290 7635 
3240 2705 2770 1886 1221 487 544 247 0 713 1053 2234 2380 2518 2607 3252 3830 1251 937 1917 2043 2219 2353 1352 2143 1412 1896 2297 1211 1284 1467 1719 2004 2325 2681 1730 1855 1971 2295 2842 2069 2402 2234 2731 2858 2778 2769 2721 3180 3697 3885 2638 2989 3016 3420 3375 3537 3711 3749 3762 4005 3999 4027 3803 4191 4434 4572 4567 4807 5148 5431 3830 4037 4459 4606 4794 4943 5141 5801 6022 6157 5593 7246 6983 6714 5871 5610 5440 5850 6090 6104 6035 6377 6507 6539 6931 7186 7674 8012 8326 8463 8801 8886 9108 10127 10380 12175 12400 10949 11098 10806 10700 10433 10149 10117 9626 9830 10606 10489 10247 10212 10318 10094 10016 9499 8933 9403 9405 9688 9512 9243 8854 8736 8379 8027 7526 7877 
3812 3354 3451 2585 1876 1198 1216 530 713 0 1014 1527 1696 1842 1953 2604 3260 1862 1502 2291 2417 2441 2524 1517 2191 1288 1783 2155 507 627 940 1185 1587 1901 2241 1031 1168 1355 1710 2300 1359 1692 1544 2081 2165 2070 2058 2010 2525 3055 3224 2476 2747 2701 3051 3071 3289 3378 3398 3378 3684 3620 3580 3296 3679 3962 4086 4053 4288 4612 4850 3220 3406 3805 3967 4126 4262 4447 5100 5320 5464 4924 6541 6282 6018 5198 4962 4812 5243 5478 5513 5608 5814 5948 5992 6334 6650 7130 7430 7750 7866 8178 8281 8543 9589 9868 11695 11849 10377 10500 10192 10096 9835 9567 9565 9037 9197 9959 9825 9581 9534 9630 9402 9324 8841 8272 8720 8716 8979 8801 8532 8142 8026 7669 7322 6854 7234 
3091 2822 3026 2314 2145 1321 1518 1130 1053 1014 0 1967 1940 2029 2032 2610 2999 2231 1965 2969 3095 3253 3373 2353 3109 2258 2761 3146 1343 1546 1930 2160 2592 2900 3231 1779 1944 2252 2621 3231 1969 2260 2272 2881 2417 2459 2502 2535 3293 3835 3951 3474 3759 3712 4055 4083 4301 4386 4403 4376 4693 4617 4553 4235 4609 4918 5032 4978 5206 5511 5695 4052 4197 4539 4730 4813 4902 5023 5622 5824 6025 5593 7001 6781 6557 5846 5686 5582 6044 6269 6337 6577 6670 6808 6866 7141 7531 8000 8249 8574 8658 8920 9055 9377 10448 10753 12600 12675 11187 11269 10935 10858 10608 10369 10407 9832 9910 10630 10450 10203 10111 10163 9921 9841 9496 8920 9288 9257 9373 9103 8819 8458 8418 8063 7769 7487 7942 
5056 4742 4894 4071 3386 2719 2739 2052 2234 1527 1967 0 368 516 725 1277 2132 3347 2975 3548 3663 3503 3508 2679 3056 2189 2507 2720 1067 1121 1367 1356 1796 1936 2105 677 701 1081 1312 1815 338 355 644 1190 682 545 550 572 1482 1999 2051 2920 2967 2763 2907 3084 3394 3268 3238 3136 3557 3354 3135 2710 3024 3399 3469 3352 3549 3796 3876 2279 2356 2627 2839 2869 2941 3057 3668 3876 4063 3637 5075 4838 4601 3883 3752 3681 4164 4376 4477 5033 4847 4988 5065 5252 5730 6175 6361 6688 6743 6975 7126 7492 8582 8917 10774 10762 9271 9327 8984 8914 8672 8451 8523 7913 7952 8665 8485 8238 8153 8216 7979 7899 7530 6954 7330 7306 7491 7286 7014 6629 6535 6178 5852 5521 5988 
5007 4757 4939 4153 3571 2855 2906 2224 2380 1696 1940 368 0 164 360 957 1778 3552 3185 3832 3949 3820 3835 2970 3392 2505 2849 3076 1296 1396 1693 1706 2157 2303 2470 1000 1052 1446 1677 2166 701 671 1006 1516 489 550 634 759 1756 2244 2255 3283 3334 3130 3266 3448 3759 3626 3593 3487 3912 3701 3467 3031 3329 3712 3773 3644 3831 4059 4100 2545 2590 2811 3036 3014 3052 3126 3696 3893 4109 3753 5062 4845 4631 3983 3900 3861 4354 4555 4675 5327 5061 5202 5288 5428 5948 6380 6532 6859 6893 7095 7263 7660 8757 9105 10958 10899 9411 9445 9090 9031 8796 8593 8688 8055 8050 8737 8537 8289 8183 8227 7984 7903 7601 7025 7359 7323 7443 7200 6922 6548 6486 6131 5830 5594 6097 
5074 4850 5042 4270 3716 2989 3049 2369 2518 1842 2029 516 164 0 216 795 1619 3701 3336 3993 4111 3983 3998 3132 3554 2668 3010 3233 1454 1558 1856 1864 2310 2449 2604 1162 1210 1596 1814 2283 853 783 1141 1617 392 547 656 813 1824 2293 2283 3435 3478 3267 3390 3580 3894 3748 3713 3601 4031 3812 3565 3122 3409 3796 3851 3715 3895 4111 4130 2603 2631 2824 3055 3007 3031 3085 3635 3827 4055 3730 4981 4773 4568 3952 3892 3868 4365 4560 4690 5396 5083 5225 5314 5430 5971 6395 6529 6856 6880 7067 7243 7655 8754 9108 10958 10876 9390 9413 9054 8999 8769 8574 8680 8037 8011 8686 8477 8230 8116 8151 7906 7826 7550 6976 7292 7251 7346 7090 6810 6440 6390 6035 5745 5548 6067 
5034 4848 5056 4310 3817 3068 3144 2474 2607 1953 2032 725 360 216 0 652 1423 3813 3453 4149 4269 4159 4180 3295 3742 2846 3202 3434 1600 1723 2041 2063 2516 2661 2819 1352 1410 1805 2029 2497 1060 997 1355 1827 478 714 835 1008 2020 2474 2448 3642 3690 3482 3605 3795 4109 3963 3927 3815 4245 4024 3773 3327 3608 3997 4049 3908 4083 4291 4293 2791 2806 2975 3210 3139 3145 3176 3700 3883 4126 3842 5013 4818 4627 4053 4019 4010 4510 4699 4838 5587 5238 5379 5472 5565 6125 6542 6658 6984 6998 7168 7353 7781 8881 9242 11087 10979 9497 9507 9142 9094 8868 8683 8802 8148 8097 8756 8536 8289 8164 8187 7939 7859 7622 7050 7342 7293 7350 7072 6789 6427 6397 6044 5769 5627 6165 
5510 5395 5626 4914 4465 3707 3791 3124 3252 2604 2610 1277 957 795 652 0 909 4464 4104 4786 4905 4773 4782 3926 4332 3457 3783 3983 2243 2352 2640 2629 3050 3151 3257 1947 1976 2332 2494 2871 1609 1443 1834 2171 669 980 1107 1310 2238 2594 2491 4162 4161 3924 3983 4208 4532 4332 4282 4150 4594 4340 4040 3574 3803 4203 4228 4059 4204 4360 4276 2931 2880 2938 3184 3018 2964 2919 3351 3509 3791 3634 4568 4405 4252 3808 3862 3912 4415 4579 4752 5705 5173 5312 5420 5417 6050 6432 6478 6799 6774 6889 7100 7579 8676 9059 10875 10682 9222 9193 8814 8783 8574 8421 8580 7894 7767 8380 8132 7888 7735 7731 7479 7399 7257 6693 6920 6855 6832 6515 6229 5881 5887 5540 5300 5296 5884 
5566 5604 5887 5288 5045 4242 4371 3747 3830 3260 2999 2132 1778 1619 1423 909 0 5077 4739 5525 5648 5570 5597 4688 5163 4261 4624 4850 2984 3129 3463 3482 3925 4044 4162 2774 2828 3208 3392 3779 2469 2338 2725 3078 1574 1887 2015 2218 3127 3443 3306 5046 5061 4829 4891 5115 5439 5238 5187 5053 5498 5238 4928 4459 4667 5068 5081 4902 5029 5153 5009 3783 3701 3688 3935 3700 3592 3467 3758 3872 4198 4208 4763 4666 4582 4334 4482 4586 5080 5215 5418 6513 5851 5986 6104 6009 6704 7048 7017 7326 7256 7296 7539 8075 9153 9557 11312 11006 9598 9514 9119 9115 8933 8827 9037 8318 8087 8616 8326 8089 7891 7836 7579 7500 7530 6989 7104 7010 6819 6413 6121 5820 5914 5587 5427 5663 6309 
3199 2441 2318 1451 211 918 720 1342 1251 1862 2231 3347 3552 3701 3813 4464 5077 0 376 1007 1101 1523 1718 1149 1787 1643 1899 2230 2281 2258 2221 2422 2461 2731 3057 2739 2818 2769 2993 3392 3115 3437 3176 3527 4010 3879 3845 3755 3963 4413 4654 2535 2967 3119 3573 3414 3457 3768 3837 3912 4015 4119 4278 4195 4568 4708 4867 4925 5165 5528 5911 4455 4708 5179 5276 5552 5748 6001 6687 6917 6994 6333 8147 7856 7554 6624 6278 6049 6386 6632 6587 6134 6780 6895 6895 7404 7494 7985 8415 8705 8900 9312 9338 9438 10360 10541 12204 12607 11253 11476 11241 11106 10828 10501 10387 10011 10350 11163 11114 10885 10909 11066 10865 10790 10116 9577 10136 10169 10595 10501 10248 9843 9664 9313 8922 8236 8473 
3342 2631 2556 1653 476 718 466 993 937 1502 1965 2975 3185 3336 3453 4104 4739 376 0 1061 1179 1491 1668 898 1633 1326 1644 2006 1909 1883 1854 2062 2132 2416 2752 2364 2444 2403 2639 3061 2740 3063 2803 3166 3640 3505 3470 3380 3605 4065 4301 2329 2749 2873 3321 3188 3263 3541 3604 3665 3803 3881 4012 3899 4278 4440 4596 4641 4883 5243 5608 4121 4368 4834 4938 5203 5392 5640 6324 6554 6637 5988 7785 7496 7198 6277 5943 5723 6074 6320 6286 5916 6496 6614 6621 7108 7233 7724 8136 8432 8616 9013 9052 9179 10126 10325 12028 12387 11005 11211 10964 10834 10558 10240 10144 9741 10052 10860 10798 10566 10580 10728 10523 10448 9799 9254 9799 9828 10234 10132 9877 9473 9300 8948 8560 7899 8156 
4167 3378 3198 2401 1213 1778 1523 1882 1917 2291 2969 3548 3832 3993 4149 4786 5525 1007 1061 0 128 559 763 873 1009 1416 1379 1569 2551 2438 2217 2331 2159 2338 2595 2877 2899 2698 2802 3028 3252 3533 3193 3365 4229 4027 3960 3824 3751 4109 4384 1797 2232 2453 2900 2681 2651 3021 3106 3214 3228 3391 3625 3645 3985 4049 4214 4312 4542 4906 5345 4071 4348 4838 4886 5229 5460 5760 6451 6683 6697 5964 7887 7572 7246 6257 5847 5578 5847 6090 6002 5328 6135 6237 6217 6792 6773 7256 7735 8005 8232 8685 8672 8696 9553 9698 11292 11758 10470 10728 10532 10381 10100 9755 9599 9291 9711 10534 10537 10322 10393 10590 10413 10344 9552 9044 9666 9727 10287 10293 10065 9648 9401 9064 8636 7788 7925 
4235 3438 3246 2468 1303 1896 1642 2009 2043 2417 3095 3663 3949 4111 4269 4905 5648 1101 1179 128 0 534 733 985 1037 1516 1446 1609 2671 2555 2325 2432 2241 2408 2653 2990 3008 2798 2890 3096 3363 3641 3297 3453 4343 4137 4068 3929 3832 4179 4457 1817 2248 2480 2923 2693 2647 3029 3116 3230 3226 3401 3647 3684 4018 4068 4234 4339 4566 4929 5376 4131 4410 4901 4943 5293 5528 5833 6522 6754 6761 6020 7953 7636 7307 6313 5896 5622 5881 6122 6028 5315 6151 6251 6228 6812 6775 7256 7742 8008 8241 8700 8681 8691 9534 9670 11247 11727 10454 10720 10530 10377 10096 9748 9583 9290 9722 10547 10557 10344 10422 10625 10451 10383 9576 9074 9703 9767 10344 10361 10136 9719 9464 9129 8698 7831 7954 
4711 3930 3756 2948 1733 2184 1922 2127 2219 2441 3253 3503 3820 3983 4159 4773 5570 1523 1491 559 534 0 205 926 572 1317 1084 1147 2596 2442 2137 2192 1910 2022 2225 2829 2817 2543 2573 2695 3184 3429 3061 3127 4171 3936 3853 3696 3474 3775 4062 1312 1733 1981 2415 2173 2116 2504 2593 2713 2695 2877 3137 3201 3522 3554 3721 3833 4056 4418 4876 3697 3981 4473 4497 4866 5111 5430 6114 6344 6330 5571 7526 7203 6868 5862 5429 5145 5384 5624 5521 4782 5632 5729 5703 6297 6245 6725 7215 7479 7715 8179 8154 8159 9002 9142 10735 11201 9922 10187 9999 9845 9564 9215 9051 8758 9198 10022 10040 9829 9915 10126 9958 9891 9062 8567 9208 9278 9888 9936 9721 9302 9026 8698 8257 7348 7448 
4910 4131 3959 3148 1929 2348 2087 2244 2353 2524 3373 3508 3835 3998 4180 4782 5597 1718 1668 763 733 205 0 1024 481 1338 1032 1027 2641 2474 2143 2174 1853 1934 2111 2837 2813 2515 2515 2592 3182 3412 3036 3060 4167 3921 3832 3668 3389 3666 3956 1152 1562 1821 2246 1995 1924 2320 2411 2536 2503 2694 2965 3049 3360 3378 3545 3663 3884 4244 4709 3572 3858 4348 4363 4742 4992 5317 5997 6227 6201 5434 7398 7072 6735 5724 5282 4992 5219 5457 5348 4584 5451 5546 5518 6118 6053 6532 7027 7288 7527 7995 7966 7963 8802 8940 10532 10998 9722 9989 9804 9650 9369 9019 8851 8564 9011 9835 9858 9650 9742 9957 9793 9726 8884 8394 9042 9116 9743 9807 9596 9178 8891 8566 8122 7190 7276 
4231 3528 3445 2549 1328 1440 1194 1224 1352 1517 2353 2679 2970 3132 3295 3926 4688 1149 898 873 985 926 1024 0 803 569 753 1109 1705 1575 1346 1473 1374 1612 1922 2006 2027 1841 1980 2293 2380 2661 2326 2540 3359 3155 3089 2955 2948 3351 3611 1436 1852 1980 2432 2291 2370 2645 2708 2773 2907 2987 3132 3052 3422 3561 3720 3777 4017 4380 4769 3357 3622 4104 4180 4487 4702 4982 5673 5905 5948 5250 7125 6820 6505 5543 5171 4928 5250 5495 5443 5019 5632 5747 5748 6258 6350 6841 7267 7558 7752 8166 8190 8296 9232 9428 11135 11491 10117 10331 10094 9960 9682 9358 9254 8865 9204 10018 9978 9751 9786 9956 9762 9690 8981 8448 9026 9069 9555 9516 9277 8864 8645 8300 7888 7129 7338 
4967 4226 4097 3236 1991 2236 1985 1993 2143 2191 3109 3056 3392 3554 3742 4332 5163 1787 1633 1009 1037 572 481 803 0 932 558 579 2242 2059 1701 1711 1373 1458 1654 2393 2358 2044 2035 2125 2726 2946 2565 2580 3707 3454 3362 3195 2913 3205 3492 791 1229 1446 1892 1679 1680 2025 2106 2208 2249 2392 2617 2649 2982 3041 3207 3305 3534 3898 4341 3127 3410 3902 3929 4295 4540 4859 5542 5773 5760 5004 6955 6633 6299 5296 4869 4589 4845 5086 4995 4365 5128 5231 5214 5784 5779 6265 6734 7007 7230 7678 7669 7711 8596 8763 10419 10828 9502 9747 9539 9393 9112 8772 8633 8300 8706 9529 9529 9314 9387 9589 9416 9347 8545 8039 8667 8732 9324 9366 9150 8731 8457 8128 7689 6797 6920 
4548 3902 3864 2952 1794 1671 1472 1207 1412 1288 2258 2189 2505 2668 2846 3457 4261 1643 1326 1416 1516 1317 1338 569 932 0 504 897 1313 1138 825 917 823 1091 1427 1513 1509 1283 1412 1752 1873 2134 1782 1972 2860 2636 2561 2416 2381 2794 3050 1235 1579 1627 2054 1976 2127 2319 2367 2400 2607 2630 2714 2576 2957 3138 3290 3324 3566 3924 4283 2817 3076 3553 3640 3933 4142 4418 5109 5341 5390 4704 6563 6260 5948 4996 4638 4407 4750 4996 4961 4676 5176 5296 5308 5783 5930 6421 6818 7118 7295 7688 7730 7874 8846 9067 10822 11117 9708 9900 9645 9519 9243 8932 8854 8427 8727 9535 9476 9246 9268 9427 9228 9154 8478 7936 8496 8533 8997 8950 8710 8297 8083 7737 7328 6597 6834 
4956 4271 4196 3297 2080 2106 1883 1701 1896 1783 2761 2507 2849 3010 3202 3783 4624 1899 1644 1379 1446 1084 1032 753 558 504 0 402 1750 1551 1167 1157 827 962 1223 1851 1808 1487 1491 1651 2175 2389 2008 2045 3153 2898 2806 2638 2399 2734 3012 744 1124 1229 1680 1551 1662 1903 1962 2022 2175 2238 2380 2319 2682 2810 2969 3033 3272 3635 4037 2694 2970 3460 3512 3851 4083 4387 5076 5308 5319 4589 6510 6194 5868 4883 4484 4226 4525 4770 4707 4276 4885 4998 4998 5518 5598 6089 6518 6807 7005 7425 7443 7543 8483 8684 10407 10744 9365 9579 9344 9208 8930 8606 8502 8113 8461 9278 9248 9024 9071 9252 9067 8995 8253 7728 8324 8376 8911 8917 8691 8273 8023 7686 7258 6435 6613 
5336 4635 4543 3654 2422 2501 2272 2100 2297 2155 3146 2720 3076 3233 3434 3983 4850 2230 2006 1569 1609 1147 1027 1109 579 897 402 0 2071 1859 1446 1374 937 934 1086 2095 2025 1653 1565 1569 2383 2556 2164 2081 3334 3057 2954 2772 2379 2641 2931 344 744 901 1355 1186 1269 1540 1608 1687 1799 1890 2075 2077 2418 2504 2667 2752 2985 3350 3779 2552 2836 3327 3351 3721 3968 4291 4972 5203 5184 4426 6380 6056 5722 4718 4291 4014 4279 4522 4439 3912 4590 4698 4688 5237 5272 5761 6210 6492 6702 7139 7142 7214 8133 8322 10029 10386 9025 9252 9029 8888 8608 8277 8158 7793 8171 8992 8980 8761 8826 9022 8846 8776 7991 7478 8098 8160 8746 8790 8576 8157 7880 7552 7111 6223 6360 
4291 3856 3957 3090 2322 1695 1686 1004 1211 507 1343 1067 1296 1454 1600 2243 2984 2281 1909 2551 2671 2596 2641 1705 2242 1313 1750 2071 0 226 656 846 1322 1604 1914 525 666 913 1280 1889 862 1195 1040 1595 1735 1602 1578 1515 2033 2569 2726 2356 2556 2455 2755 2822 3075 3100 3106 3063 3408 3303 3216 2894 3269 3577 3691 3638 3868 4180 4390 2751 2924 3311 3479 3626 3758 3941 4595 4815 4958 4423 6037 5777 5512 4695 4468 4328 4768 5001 5046 5238 5360 5496 5547 5863 6209 6684 6964 7286 7391 7692 7802 8083 9141 9432 11271 11389 9911 10022 9708 9616 9357 9097 9109 8565 8706 9462 9323 9079 9029 9124 8896 8817 8342 7771 8215 8210 8478 8310 8043 7650 7526 7170 6818 6352 6740 
4439 3970 4051 3168 2319 1757 1714 1056 1284 627 1546 1121 1396 1558 1723 2352 3129 2258 1883 2438 2555 2442 2474 1575 2059 1138 1551 1859 226 0 432 624 1097 1381 1695 482 579 732 1092 1694 860 1181 956 1459 1802 1633 1590 1500 1905 2432 2607 2138 2331 2230 2533 2597 2850 2877 2884 2844 3185 3085 3007 2696 3075 3375 3492 3447 3679 3997 4226 2594 2781 3186 3343 3514 3660 3861 4527 4750 4877 4313 5978 5709 5434 4590 4341 4187 4616 4852 4888 5032 5191 5326 5372 5708 6032 6511 6805 7125 7240 7553 7655 7919 8969 9253 11087 11225 9752 9874 9567 9470 9208 8941 8942 8411 8574 9339 9212 8969 8930 9035 8812 8734 8225 7657 8120 8123 8425 8280 8018 7620 7478 7123 6759 6245 6612 
4696 4167 4208 3303 2320 1895 1793 1221 1467 940 1930 1367 1693 1856 2041 2640 3463 2221 1854 2217 2325 2137 2143 1346 1701 825 1167 1446 656 432 0 254 673 972 1304 695 686 551 833 1383 1049 1317 987 1320 2037 1815 1745 1611 1766 2256 2470 1713 1901 1807 2127 2176 2422 2464 2477 2447 2772 2689 2641 2366 2751 3025 3152 3127 3365 3697 3966 2368 2586 3026 3157 3380 3554 3791 4473 4701 4794 4174 5933 5647 5354 4459 4166 3982 4385 4626 4639 4668 4917 5048 5085 5465 5737 6222 6548 6863 6997 7338 7421 7649 8679 8947 10765 10947 9488 9632 9341 9234 8967 8685 8663 8161 8369 9152 9049 8810 8793 8920 8705 8628 8054 7494 7995 8011 8383 8282 8030 7624 7447 7095 6709 6103 6423 
4949 4416 4452 3544 2533 2142 2030 1473 1719 1185 2160 1356 1706 1864 2063 2629 3482 2422 2062 2331 2432 2192 2174 1473 1711 917 1157 1374 846 624 254 0 496 760 1074 724 656 368 590 1129 1021 1240 872 1106 1998 1748 1663 1508 1544 2021 2244 1605 1742 1617 1910 1981 2244 2254 2261 2221 2562 2463 2399 2115 2500 2779 2903 2875 3112 3444 3714 2121 2344 2791 2916 3151 3333 3580 4266 4496 4577 3942 5726 5435 5137 4229 3926 3736 4135 4377 4387 4426 4663 4795 4831 5213 5484 5968 6295 6610 6745 7089 7169 7395 8426 8695 10515 10694 9235 9380 9090 8982 8715 8432 8409 7908 8121 8906 8807 8569 8557 8689 8477 8401 7812 7253 7763 7782 8174 8090 7842 7433 7243 6893 6500 5868 6178 
5235 4643 4637 3721 2605 2367 2208 1763 2004 1587 2592 1796 2157 2310 2516 3050 3925 2461 2132 2159 2241 1910 1853 1374 1373 823 827 937 1322 1097 673 496 0 323 678 1205 1111 719 665 931 1459 1620 1228 1220 2398 2122 2020 1841 1593 1977 2240 1128 1246 1135 1465 1503 1755 1795 1812 1793 2102 2035 2026 1813 2200 2431 2570 2574 2817 3166 3493 1996 2254 2733 2818 3114 3329 3614 4305 4537 4575 3882 5754 5447 5131 4175 3818 3592 3948 4193 4171 4044 4410 4535 4558 4997 5196 5685 6053 6359 6520 6897 6952 7130 8132 8378 10174 10406 8970 9142 8872 8753 8480 8181 8128 7666 7935 8736 8667 8435 8450 8606 8406 8333 7668 7123 7676 7712 8181 8150 7915 7500 7273 6930 6515 5776 6025 
5554 4954 4939 4024 2885 2682 2516 2085 2325 1901 2900 1936 2303 2449 2661 3151 4044 2731 2416 2338 2408 2022 1934 1612 1458 1091 962 934 1604 1381 972 760 323 0 357 1412 1292 869 665 692 1607 1710 1321 1150 2487 2191 2078 1886 1456 1772 2051 1026 1034 867 1157 1226 1501 1497 1506 1478 1804 1720 1704 1501 1887 2110 2250 2260 2502 2854 3195 1749 2019 2506 2571 2895 3123 3426 4115 4347 4363 3645 5551 5237 4914 3938 3560 3321 3660 3906 3874 3723 4102 4226 4245 4698 4880 5370 5745 6050 6216 6601 6649 6816 7814 8058 9852 10088 8656 8833 8568 8446 8173 7870 7811 7358 7640 8446 8386 8156 8181 8346 8152 8079 7387 6847 7416 7458 7961 7956 7729 7312 7066 6727 6302 5518 5744 
5910 5306 5286 4371 3218 3037 2868 2440 2681 2241 3231 2105 2470 2604 2819 3257 4162 3057 2752 2595 2653 2225 2111 1922 1654 1427 1223 1086 1914 1695 1304 1074 678 357 0 1658 1519 1096 794 500 1792 1834 1465 1134 2590 2280 2157 1957 1337 1556 1847 1063 919 668 849 982 1291 1204 1199 1149 1509 1390 1350 1152 1536 1754 1894 1907 2150 2503 2857 1479 1760 2251 2292 2645 2887 3207 3889 4120 4111 3370 5305 4985 4656 3663 3263 3010 3330 3576 3535 3373 3753 3876 3893 4357 4525 5016 5397 5699 5870 6262 6305 6464 7458 7702 9497 9732 8303 8483 8221 8098 7823 7518 7457 7008 7301 8110 8059 7831 7865 8039 7849 7777 7061 6526 7109 7157 7694 7716 7497 7079 6813 6480 6046 5216 5418 
4795 4377 4481 3612 2799 2211 2185 1514 1730 1031 1779 677 1000 1162 1352 1947 2774 2739 2364 2877 2990 2829 2837 2006 2393 1513 1851 2095 525 482 695 724 1205 1412 1658 0 167 564 910 1514 382 700 519 1105 1354 1161 1112 1019 1529 2070 2213 2326 2436 2276 2503 2625 2912 2861 2850 2780 3164 3014 2871 2505 2865 3200 3300 3225 3447 3741 3918 2275 2429 2800 2975 3107 3235 3417 4073 4294 4434 3903 5518 5255 4988 4173 3957 3827 4277 4506 4564 4865 4893 5031 5088 5374 5754 6222 6480 6803 6898 7186 7304 7604 8672 8975 10824 10907 9424 9523 9203 9115 8859 8607 8633 8073 8196 8946 8803 8558 8506 8600 8372 8294 7823 7252 7691 7686 7962 7806 7542 7146 7012 6656 6299 5830 6227 
4950 4520 4616 3740 2889 2332 2292 1632 1855 1168 1944 701 1052 1210 1410 1976 2828 2818 2444 2899 3008 2817 2813 2027 2358 1509 1808 2025 666 579 686 656 1111 1292 1519 167 0 428 755 1353 369 638 380 942 1356 1130 1064 945 1372 1911 2062 2238 2323 2150 2360 2493 2786 2719 2705 2630 3020 2862 2711 2341 2699 3037 3135 3059 3280 3575 3754 2110 2269 2647 2819 2961 3095 3287 3950 4173 4304 3758 5400 5132 4860 4031 3804 3669 4116 4347 4402 4701 4728 4866 4923 5213 5588 6057 6318 6641 6739 7031 7146 7441 8508 8810 10658 10746 9263 9366 9048 8958 8701 8447 8470 7913 8043 8797 8659 8415 8367 8466 8241 8163 7677 7106 7554 7553 7847 7704 7444 7044 6900 6544 6181 5688 6076 
5165 4674 4733 3834 2869 2421 2334 1730 1971 1355 2252 1081 1446 1596 1805 2332 3208 2769 2403 2698 2798 2543 2515 1841 2044 1283 1487 1653 913 732 551 368 719 869 1096 564 428 0 370 982 746 907 522 773 1682 1414 1320 1154 1222 1727 1928 1840 1901 1723 1939 2067 2359 2298 2287 2218 2601 2454 2327 1985 2358 2674 2783 2727 2957 3270 3496 1869 2067 2492 2635 2839 3008 3241 3923 4152 4245 3636 5383 5097 4806 3919 3641 3472 3892 4130 4159 4338 4460 4595 4642 4982 5303 5780 6076 6395 6514 6836 6931 7189 8238 8524 10361 10495 9023 9149 8847 8747 8483 8213 8211 7684 7862 8636 8522 8281 8257 8378 8161 8084 7530 6966 7455 7468 7833 7736 7486 7078 6898 6546 6160 5567 5906 
5511 4998 5040 4133 3112 2728 2619 2051 2295 1710 2621 1312 1677 1814 2029 2494 3392 2993 2639 2802 2890 2573 2515 1980 2035 1412 1491 1565 1280 1092 833 590 665 665 794 910 755 370 0 613 1000 1055 675 565 1828 1529 1414 1222 975 1433 1663 1688 1671 1454 1616 1775 2083 1977 1958 1877 2275 2108 1964 1616 1989 2306 2414 2359 2590 2906 3147 1536 1755 2203 2327 2566 2756 3016 3705 3937 4003 3356 5163 4866 4563 3644 3337 3150 3556 3796 3815 3970 4106 4240 4283 4640 4942 5422 5729 6046 6173 6508 6594 6837 7881 8162 9996 10141 8674 8808 8512 8408 8143 7867 7857 7340 7538 8320 8218 7980 7968 8102 7891 7815 7223 6664 7175 7196 7606 7542 7300 6888 6683 6335 5934 5280 5591 
6077 5528 5543 4629 3535 3247 3110 2596 2842 2300 3231 1815 2166 2283 2497 2871 3779 3392 3061 3028 3096 2695 2592 2293 2125 1752 1651 1569 1889 1694 1383 1129 931 692 500 1514 1353 982 613 0 1541 1502 1181 703 2211 1894 1765 1562 840 1085 1368 1562 1386 1103 1115 1344 1672 1470 1430 1322 1748 1541 1359 1005 1382 1693 1803 1755 1989 2316 2594 1067 1331 1816 1889 2204 2433 2740 3427 3659 3672 2959 4860 4546 4224 3252 2888 2664 3032 3277 3270 3358 3537 3667 3703 4098 4356 4840 5172 5485 5628 5987 6055 6268 7298 7570 9397 9566 8108 8260 7977 7865 7595 7308 7281 6786 7023 7819 7742 7508 7520 7676 7477 7403 6743 6195 6746 6782 7271 7267 7041 6624 6375 6037 5612 4846 5101 
5039 4668 4793 3940 3170 2554 2545 1865 2069 1359 1969 338 701 853 1060 1609 2469 3115 2740 3252 3363 3184 3182 2380 2726 1873 2175 2383 862 860 1049 1021 1459 1607 1792 382 369 746 1000 1541 0 334 367 981 989 780 732 654 1345 1884 1984 2583 2639 2444 2610 2773 3078 2972 2947 2855 3266 3080 2886 2480 2815 3176 3258 3158 3367 3636 3761 2131 2246 2571 2766 2850 2954 3110 3751 3968 4126 3638 5185 4931 4675 3898 3719 3617 4085 4307 4386 4828 4737 4877 4945 5181 5612 6069 6291 6617 6692 6953 7088 7420 8501 8821 10676 10712 9222 9301 8970 8890 8640 8403 8452 7866 7949 8683 8524 8278 8211 8293 8061 7982 7554 6980 7392 7380 7621 7449 7182 6789 6668 6312 5966 5551 5980 
5343 4990 5121 4272 3497 2887 2876 2198 2402 1692 2260 355 671 783 997 1443 2338 3437 3063 3533 3641 3429 3412 2661 2946 2134 2389 2556 1195 1181 1317 1240 1620 1710 1834 700 638 907 1055 1502 334 0 394 847 781 509 429 322 1128 1649 1714 2722 2725 2500 2608 2804 3122 2967 2931 2820 3249 3033 2798 2366 2674 3052 3119 2999 3195 3442 3528 1925 2007 2296 2502 2555 2646 2789 3423 3638 3803 3335 4854 4602 4350 3590 3432 3349 3827 4042 4136 4681 4501 4642 4717 4918 5382 5830 6028 6355 6417 6663 6806 7159 8246 8576 10433 10438 8947 9015 8677 8602 8356 8128 8190 7590 7651 8376 8210 7964 7891 7968 7735 7656 7245 6670 7071 7055 7289 7116 6850 6457 6335 5979 5634 5239 5683 
5310 4894 4994 4118 3255 2711 2667 2010 2234 1544 2272 644 1006 1141 1355 1834 2725 3176 2803 3193 3297 3061 3036 2326 2565 1782 2008 2164 1040 956 987 872 1228 1321 1465 519 380 522 675 1181 367 394 0 626 1174 895 798 637 1023 1565 1697 2330 2342 2127 2265 2443 2755 2626 2597 2499 2916 2721 2521 2115 2451 2811 2894 2798 3009 3285 3431 1791 1927 2284 2465 2589 2719 2908 3572 3795 3925 3385 5023 4754 4481 3656 3441 3317 3774 4001 4067 4464 4407 4546 4610 4871 5276 5739 5979 6304 6391 6672 6794 7106 8180 8492 10345 10406 8919 9012 8690 8603 8349 8102 8137 7566 7679 8428 8285 8041 7990 8088 7862 7784 7305 6734 7177 7175 7471 7336 7077 6676 6525 6170 5804 5313 5710 
5885 5427 5498 4603 3635 3188 3106 2493 2731 2081 2881 1190 1516 1617 1827 2171 3078 3527 3166 3365 3453 3127 3060 2540 2580 1972 2045 2081 1595 1459 1320 1106 1220 1150 1134 1105 942 773 565 703 981 847 626 0 1513 1196 1066 863 451 975 1158 2155 2052 1786 1814 2045 2372 2164 2118 1995 2433 2199 1952 1521 1840 2211 2285 2179 2387 2661 2815 1172 1330 1729 1887 2068 2236 2475 3161 3391 3475 2866 4621 4331 4036 3148 2884 2734 3176 3407 3460 3853 3790 3929 3990 4272 4656 5121 5377 5700 5799 6099 6208 6500 7568 7875 9726 9804 8322 8428 8115 8022 7763 7506 7529 6973 7117 7882 7759 7517 7487 7606 7389 7312 6770 6203 6684 6696 7069 6989 6745 6334 6139 5789 5396 4799 5155 
5465 5238 5425 4642 4038 3336 3379 2694 2858 2165 2417 682 489 392 478 669 1574 4010 3640 4229 4343 4171 4167 3359 3707 2860 3153 3334 1735 1802 2037 1998 2398 2487 2590 1354 1356 1682 1828 2211 989 781 1174 1513 0 319 450 651 1627 2043 1994 3502 3493 3257 3325 3543 3867 3676 3629 3503 3944 3699 3418 2959 3214 3610 3649 3496 3661 3852 3832 2369 2362 2508 2745 2663 2669 2706 3247 3436 3668 3366 4590 4381 4178 3580 3542 3537 4038 4225 4368 5167 4770 4912 5007 5090 5657 6070 6182 6508 6522 6696 6878 7304 8404 8766 10610 10506 9023 9038 8675 8624 8397 8209 8325 7673 7631 8300 8088 7841 7725 7759 7515 7434 7165 6591 6902 6860 6959 6712 6434 6060 6003 5648 5354 5164 5693 
5540 5260 5424 4609 3923 3262 3280 2594 2778 2070 2459 545 550 547 714 980 1887 3879 3505 4027 4137 3936 3921 3155 3454 2636 2898 3057 1602 1633 1815 1748 2122 2191 2280 1161 1130 1414 1529 1894 780 509 895 1196 319 0 133 334 1322 1761 1739 3212 3188 2947 3008 3229 3553 3359 3312 3185 3626 3382 3105 2648 2911 3305 3350 3202 3373 3578 3586 2080 2093 2279 2509 2468 2504 2582 3165 3367 3572 3204 4552 4324 4100 3435 3354 3323 3820 4016 4144 4879 4537 4679 4768 4888 5425 5849 5989 6316 6346 6546 6715 7116 8214 8566 10417 10351 8862 8896 8542 8482 8247 8045 8143 7507 7503 8194 8000 7753 7654 7706 7466 7386 7058 6483 6830 6799 6957 6745 6472 6088 6001 5644 5326 5050 5549 
5589 5289 5443 4617 3896 3255 3262 2577 2769 2058 2502 550 634 656 835 1107 2015 3845 3470 3960 4068 3853 3832 3089 3362 2561 2806 2954 1578 1590 1745 1663 2020 2078 2157 1112 1064 1320 1414 1765 732 429 798 1066 450 133 0 204 1193 1641 1630 3100 3068 2823 2878 3102 3427 3229 3181 3054 3495 3251 2973 2517 2783 3176 3222 3076 3250 3459 3477 1957 1977 2179 2406 2383 2430 2525 3124 3330 3524 3130 4527 4291 4058 3367 3269 3228 3722 3922 4044 4754 4433 4574 4662 4795 5320 5749 5899 6226 6263 6473 6636 7028 8124 8472 10325 10273 8783 8824 8474 8411 8173 7965 8056 7427 7437 8137 7950 7703 7611 7671 7433 7353 7002 6426 6788 6762 6944 6745 6475 6087 5987 5630 5304 4993 5479 
5624 5292 5430 4587 3817 3206 3197 2518 2721 2010 2535 572 759 813 1008 1310 2218 3755 3380 3824 3929 3696 3668 2955 3195 2416 2638 2772 1515 1500 1611 1508 1841 1886 1957 1019 945 1154 1222 1562 654 322 637 863 651 334 204 0 1013 1486 1503 2910 2869 2622 2675 2899 3224 3026 2979 2853 3294 3051 2779 2326 2601 2992 3042 2903 3082 3303 3344 1792 1832 2069 2288 2300 2370 2493 3117 3329 3503 3066 4540 4293 4046 3313 3184 3123 3611 3818 3928 4584 4308 4449 4532 4693 5194 5631 5801 6128 6177 6404 6558 6931 8024 8365 10221 10194 8703 8757 8413 8344 8102 7884 7962 7345 7381 8095 7920 7673 7593 7664 7430 7350 6962 6386 6772 6753 6972 6796 6530 6136 6018 5661 5320 4953 5416 
6321 5874 5948 5053 4076 3638 3555 2943 3180 2525 3293 1482 1756 1824 2020 2238 3127 3963 3605 3751 3832 3474 3389 2948 2913 2381 2399 2379 2033 1905 1766 1544 1593 1456 1337 1529 1372 1222 975 840 1345 1128 1023 451 1627 1322 1193 1013 0 543 708 2398 2218 1924 1841 2117 2445 2162 2097 1947 2395 2118 1804 1338 1591 1985 2031 1892 2076 2315 2418 798 906 1282 1448 1618 1790 2042 2731 2963 3033 2416 4189 3894 3594 2698 2438 2299 2752 2980 3047 3574 3393 3533 3602 3850 4269 4725 4958 5282 5371 5660 5776 6085 7161 7478 9333 9384 7898 7995 7677 7587 7331 7081 7116 6546 6675 7435 7310 7068 7037 7157 6941 6864 6321 5754 6235 6247 6634 6570 6330 5917 5709 5361 4961 4349 4710 
6858 6397 6459 5557 4539 4146 4048 3456 3697 3055 3835 1999 2244 2293 2474 2594 3443 4413 4065 4109 4179 3775 3666 3351 3205 2794 2734 2641 2569 2432 2256 2021 1977 1772 1556 2070 1911 1727 1433 1085 1884 1649 1565 975 2043 1761 1641 1486 543 0 298 2590 2325 2017 1809 2118 2430 2071 1987 1815 2249 1933 1557 1093 1230 1630 1639 1466 1619 1819 1882 341 364 772 913 1141 1354 1656 2344 2576 2599 1925 3781 3471 3155 2214 1915 1760 2210 2438 2505 3126 2856 2997 3070 3307 3736 4188 4415 4740 4829 5125 5236 5543 6620 6939 8795 8842 7356 7456 7141 7049 6791 6539 6574 6004 6143 6911 6796 6556 6538 6670 6461 6385 5804 5240 5743 5766 6205 6185 5958 5541 5299 4958 4539 3849 4183 
7005 6576 6654 5759 4773 4345 4261 3649 3885 3224 3951 2051 2255 2283 2448 2491 3306 4654 4301 4384 4457 4062 3956 3611 3492 3050 3012 2931 2726 2607 2470 2244 2240 2051 1847 2213 2062 1928 1663 1368 1984 1714 1697 1158 1994 1739 1630 1503 708 298 0 2886 2621 2313 2095 2406 2715 2345 2257 2082 2508 2185 1794 1344 1424 1814 1800 1606 1724 1871 1848 555 396 589 789 912 1095 1377 2068 2300 2343 1710 3515 3211 2902 1992 1745 1636 2114 2329 2428 3216 2807 2948 3034 3205 3693 4129 4315 4642 4709 4977 5105 5446 6533 6867 8724 8730 7240 7321 6994 6911 6659 6421 6478 5884 5984 6737 6606 6363 6331 6451 6236 6160 5619 5051 5528 5542 5949 5912 5681 5265 5034 4691 4279 3642 4015 
5666 4956 4852 3971 2732 2841 2610 2440 2638 2476 3474 2920 3283 3435 3642 4162 5046 2535 2329 1797 1817 1312 1152 1436 791 1235 744 344 2356 2138 1713 1605 1128 1026 1063 2326 2238 1840 1688 1562 2583 2722 2330 2155 3502 3212 3100 2910 2398 2590 2886 0 439 671 1106 891 935 1240 1318 1418 1481 1603 1830 1898 2211 2253 2419 2523 2750 3112 3565 2458 2745 3231 3229 3623 3882 4219 4888 5115 5071 4293 6266 5937 5597 4582 4133 3841 4073 4313 4213 3600 4339 4441 4424 4996 4991 5478 5943 6218 6439 6889 6879 6927 7828 8008 9700 10073 8727 8964 8752 8607 8326 7989 7859 7513 7915 8739 8742 8528 8607 8815 8647 8580 7759 7259 7896 7968 8594 8671 8468 8049 7750 7430 6981 6040 6139 
6076 5378 5282 4396 3161 3228 3006 2777 2989 2747 3759 2967 3334 3478 3690 4161 5061 2967 2749 2232 2248 1733 1562 1852 1229 1579 1124 744 2556 2331 1901 1742 1246 1034 919 2436 2323 1901 1671 1386 2639 2725 2342 2052 3493 3188 3068 2869 2218 2325 2621 439 0 310 687 453 550 803 880 983 1056 1165 1405 1519 1806 1822 1989 2103 2324 2686 3149 2150 2434 2909 2883 3296 3563 3911 4566 4789 4722 3931 5913 5581 5237 4216 3751 3450 3660 3897 3789 3171 3905 4006 3987 4566 4553 5040 5506 5780 6002 6454 6442 6489 7395 7580 9287 9645 8291 8527 8314 8169 7888 7552 7424 7075 7480 8303 8310 8098 8183 8396 8232 8166 7331 6835 7481 7557 8208 8309 8114 7697 7381 7068 6612 5637 5716 
6168 5498 5424 4525 3306 3296 3089 2791 3016 2701 3712 2763 3130 3267 3482 3924 4829 3119 2873 2453 2480 1981 1821 1980 1446 1627 1229 901 2455 2230 1807 1617 1135 867 668 2276 2150 1723 1454 1103 2444 2500 2127 1786 3257 2947 2823 2622 1924 2017 2313 671 310 0 456 372 637 696 741 794 993 1011 1176 1232 1542 1604 1768 1860 2090 2455 2898 1842 2127 2603 2583 2992 3258 3604 4261 4485 4424 3638 5617 5286 4944 3924 3468 3173 3404 3645 3550 3055 3692 3798 3789 4342 4376 4867 5311 5594 5803 6241 6242 6320 7254 7458 9198 9517 8138 8358 8131 7991 7712 7383 7274 6896 7272 8094 8086 7870 7943 8148 7978 7911 7100 6595 7228 7298 7929 8017 7819 7401 7092 6775 6323 5370 5475 
6601 5942 5875 4973 3758 3723 3523 3189 3420 3051 4055 2907 3266 3390 3605 3983 4891 3573 3321 2900 2923 2415 2246 2432 1892 2054 1680 1355 2755 2533 2127 1910 1465 1157 849 2503 2360 1939 1616 1115 2610 2608 2265 1814 3325 3008 2878 2675 1841 1809 2095 1106 687 456 0 319 622 362 352 347 662 580 726 862 1122 1151 1316 1419 1644 2007 2464 1575 1848 2299 2245 2675 2950 3308 3941 4160 4071 3272 5256 4922 4576 3552 3077 2770 2974 3212 3108 2624 3239 3345 3334 3892 3922 4412 4856 5139 5348 5789 5788 5866 6807 7017 8771 9072 7686 7904 7676 7536 7257 6929 6824 6441 6819 7641 7638 7423 7502 7712 7547 7481 6654 6154 6796 6871 7528 7642 7454 7037 6711 6402 5943 4952 5034 
6505 5818 5729 4838 3607 3642 3428 3153 3375 3071 4083 3084 3448 3580 3795 4208 5115 3414 3188 2681 2693 2173 1995 2291 1679 1976 1551 1186 2822 2597 2176 1981 1503 1226 982 2625 2493 2067 1775 1344 2773 2804 2443 2045 3543 3229 3102 2899 2117 2118 2406 891 453 372 319 0 331 355 428 543 632 713 980 1176 1412 1385 1552 1681 1894 2252 2729 1891 2165 2616 2560 2992 3267 3625 4257 4475 4381 3579 5563 5228 4881 3857 3375 3063 3243 3477 3357 2729 3460 3559 3538 4125 4101 4588 5056 5329 5553 6008 5993 6038 6947 7138 8859 9201 7842 8075 7862 7717 7437 7100 6974 6623 7032 7855 7868 7658 7749 7967 7809 7744 6891 6402 7057 7138 7816 7943 7758 7342 7010 6704 6243 5229 5284 
6600 5886 5773 4900 3657 3767 3541 3326 3537 3289 4301 3394 3759 3894 4109 4532 5439 3457 3263 2651 2647 2116 1924 2370 1680 2127 1662 1269 3075 2850 2422 2244 1755 1501 1291 2912 2786 2359 2083 1672 3078 3122 2755 2372 3867 3553 3427 3224 2445 2430 2715 935 550 637 622 331 0 450 555 726 581 807 1165 1443 1626 1525 1689 1848 2040 2384 2886 2189 2457 2893 2820 3260 3539 3900 4517 4731 4619 3810 5790 5452 5104 4081 3586 3263 3401 3627 3485 2686 3548 3636 3601 4223 4130 4610 5105 5365 5606 6080 6044 6047 6917 7085 8767 9151 7826 8079 7885 7732 7452 7106 6956 6644 7091 7915 7949 7746 7855 8087 7939 7877 6985 6514 7188 7278 7995 8150 7975 7561 7213 6916 6450 5391 5402 
6855 6171 6082 5192 3961 3988 3777 3485 3711 3378 4386 3268 3626 3748 3963 4332 5238 3768 3541 3021 3029 2504 2320 2645 2025 2319 1903 1540 3100 2877 2464 2254 1795 1497 1204 2861 2719 2298 1977 1470 2972 2967 2626 2164 3676 3359 3229 3026 2162 2071 2345 1240 803 696 362 355 450 0 106 284 309 375 716 1029 1180 1081 1247 1400 1597 1946 2441 1803 2058 2475 2389 2834 3114 3478 4083 4294 4175 3365 5342 5005 4656 3634 3137 2814 2956 3185 3050 2375 3132 3227 3200 3802 3755 4240 4715 4985 5213 5676 5653 5688 6594 6785 8509 8847 7489 7725 7515 7369 7088 6750 6622 6276 6695 7519 7539 7332 7432 7658 7505 7442 6568 6088 6754 6841 7548 7700 7526 7113 6763 6466 6001 4947 4972 
