228 24 186
8 9 4 5 10 5 6 10 11 12 6 6 6 10 14 7 8 3 9 17 6 15 5 36 
5 9 4 5 10 4 4 6 11 11 4 5 6 6 14 6 8 3 7 4 6 14 2 32 
0 572 1016 1119 1412 1708 1630 1702 2182 2046 2488 1479 1485 1674 1939 1941 2076 2264 2697 2414 2327 2632 3099 3241 3307 1632 1912 1273 2134 2527 2896 3216 3029 3776 3716 3816 3987 4156 4024 4543 4395 4065 4966 5783 4939 5097 5418 5556 5972 5943 3082 3397 3232 3360 3253 3270 3483 3518 3623 3808 3934 3906 4124 4019 4070 4136 4951 5281 5286 5992 6062 6310 6149 5317 5054 4986 4865 5004 4487 4364 4002 3774 3659 3493 3640 3865 3929 4385 4195 4544 4550 3957 4239 4632 4429 4653 4900 4874 4938 4808 5139 5365 5407 5150 5307 5407 5446 5633 5844 5901 6332 5721 6139 6444 6199 6522 6665 6637 6986 7027 7243 7331 7697 5691 5863 6293 6467 6662 7237 7126 7155 7366 7138 7700 7756 8265 8100 7713 8563 8835 9117 8694 9173 9542 9991 10071 10280 10334 10570 11078 10000 9363 9203 9809 10391 9946 10582 10961 9385 8986 8912 8452 7368 7593 7368 5711 5533 5928 6124 6318 6600 7239 7177 6538 6544 6746 6093 6208 5744 5786 5705 6008 5791 5520 6120 6331 6654 6290 6616 6763 7004 6931 6799 6901 6957 6860 6935 7079 7499 9483 10959 11591 11946 11594 12971 14183 14728 15328 14596 14036 12945 12862 16526 16384 16240 15761 14410 13754 13920 13988 12399 11675 10385 10009 12196 13431 14330 15062 14797 
572 0 753 1006 1237 1571 1393 1410 1915 1675 2101 1004 929 1103 1368 1443 1616 1823 2268 1917 1787 2074 2565 2711 2751 1100 1395 1104 2106 2090 2531 2939 2539 3274 3170 3258 3433 3724 3789 4283 4226 4108 5279 5937 5081 5014 5407 5516 5977 5843 2706 3034 2806 2904 2780 2761 2983 3063 3150 3340 3468 3448 3664 3565 3620 3679 4461 4793 4796 5476 5554 5790 5610 4749 4491 4434 4316 4472 3946 3823 3477 3247 3139 2953 3086 3306 3389 3841 3638 3986 3981 3385 3669 4064 3871 4106 4354 4323 4381 4242 4574 4798 4838 4616 4766 4851 4897 5101 5321 5389 5828 5161 5595 5924 5635 5971 6131 6076 6428 6477 6686 6773 7140 5184 5378 5802 5980 6200 6761 6669 6722 6930 6732 7292 7352 7833 7660 7253 8084 8358 8647 8202 8682 9068 9521 9604 9827 9895 10143 10700 9582 8932 8807 9417 10000 9611 10258 10665 9075 8673 8591 8135 7027 7299 7094 5241 5175 5598 5743 5950 6188 6895 6890 6233 6279 6499 5801 5978 5460 5549 5464 5801 5616 5396 5948 6159 6489 6265 6563 6707 6926 6828 6701 6788 6840 6717 6761 6906 7278 9355 10738 11469 11758 11259 12488 13819 14394 14983 14335 13824 12713 12510 16359 16259 16158 15714 14562 13977 14008 13931 12327 11704 10439 10394 12568 13928 14754 15609 15358 
1016 753 0 326 489 825 647 692 1187 1035 1478 628 900 1217 1417 1068 1131 1289 1705 1510 1537 1898 2248 2380 2540 1502 1797 1844 2856 2595 3109 3585 2930 3606 3366 3383 3580 4186 4452 4924 4923 4860 5962 6682 5827 5742 6152 6255 6723 6563 2068 2382 2233 2380 2290 2358 2552 2536 2657 2834 2957 2922 3142 3034 3080 3150 3993 4318 4327 5066 5121 5389 5271 4592 4290 4165 4034 4117 3628 3508 3112 2891 2763 2651 2847 3093 3082 3538 3407 3755 3843 3342 3658 4083 3983 4271 4517 4468 4488 4279 4614 4817 4832 4825 4947 4952 5039 5308 5557 5653 6110 5229 5747 6157 5675 6086 6314 6134 6503 6593 6763 6841 7210 5466 5710 6116 6300 6571 7097 7045 7141 7340 7194 7744 7810 8244 8057 7618 8401 8676 8978 8488 8968 9390 9845 9935 10183 10275 10543 11168 10001 9333 9267 9876 10455 10142 10798 11230 9637 9234 9144 8694 7569 7888 7702 5610 5713 6163 6249 6469 6644 7434 7489 6818 6901 7134 6403 6628 6072 6196 6109 6467 6303 6108 6634 6844 7177 7006 7296 7439 7650 7543 7418 7500 7549 7416 7443 7588 7927 10053 11372 12162 12410 11779 12758 14280 14886 15454 14908 14446 13325 12999 16987 16922 16848 16426 15312 14711 14760 14647 13043 12450 11189 11024 13210 14388 15338 15902 15285 
1119 1006 326 0 300 594 542 661 1087 1069 1499 882 1207 1530 1716 1271 1273 1390 1764 1670 1760 2133 2422 2545 2748 1826 2122 2108 3102 2919 3429 3894 3252 3923 3666 3671 3871 4510 4758 5236 5217 5095 6080 6878 6027 6018 6408 6520 6976 6846 2052 2346 2266 2444 2377 2490 2665 2594 2734 2899 3017 2974 3193 3081 3121 3197 4065 4384 4395 5160 5204 5487 5398 4796 4480 4331 4196 4246 3779 3660 3248 3035 2899 2823 3039 3292 3245 3695 3595 3940 4060 3591 3912 4343 4265 4562 4807 4755 4766 4542 4876 5072 5082 5122 5238 5227 5322 5603 5857 5957 6416 5495 6030 6455 5933 6361 6603 6395 6766 6866 7027 7101 7471 5773 6024 6427 6612 6888 7409 7362 7462 7660 7517 8067 8133 8564 8375 7933 8710 8985 9288 8792 9271 9698 10153 10245 10496 10590 10861 11491 10321 9651 9590 10199 10778 10467 11123 11554 9961 9558 9468 9018 7893 8209 8021 5928 6037 6486 6573 6793 6967 7758 7809 7139 7217 7448 6722 6939 6389 6508 6421 6774 6603 6396 6934 7145 7476 7268 7568 7711 7930 7829 7703 7788 7839 7711 7745 7890 8239 10349 11688 12461 12722 12104 13053 14601 15209 15775 15232 14766 13645 13323 17307 17234 17151 16716 15513 14872 14991 14934 13329 12702 11430 11083 13273 14323 15344 15746 15015 
1412 1237 489 300 0 337 252 398 788 816 1228 836 1226 1554 1702 1138 1086 1167 1507 1484 1632 2010 2235 2349 2589 1920 2203 2332 3342 3018 3553 4051 3301 3939 3633 3612 3816 4573 4921 5384 5402 5344 6376 7150 6297 6229 6640 6744 7211 7048 1764 2053 1993 2184 2129 2270 2431 2331 2479 2637 2753 2706 2923 2810 2847 2925 3803 4118 4131 4906 4944 5234 5162 4622 4294 4125 3987 4014 3563 3447 3025 2818 2678 2630 2862 3119 3042 3486 3411 3751 3900 3472 3799 4234 4191 4505 4746 4687 4685 4438 4769 4956 4956 5076 5180 5139 5248 5552 5815 5926 6389 5392 5954 6408 5817 6269 6535 6281 6656 6771 6916 6987 7355 5750 6020 6413 6599 6895 7399 7369 7488 7681 7563 8106 8175 8582 8387 7933 8685 8960 9266 8754 9230 9671 10125 10219 10480 10585 10864 11526 10335 9660 9627 10234 10809 10538 11197 11642 10051 9649 9555 9109 7978 8319 8142 5940 6126 6588 6644 6870 7013 7842 7925 7249 7349 7587 6843 7088 6517 6656 6568 6934 6778 6591 7109 7318 7651 7494 7784 7926 8136 8027 7903 7982 8031 7894 7915 8060 8386 10529 11818 12636 12864 12164 12987 14617 15239 15789 15312 14881 13757 13361 17412 17369 17313 16904 15785 15160 15244 15129 13524 12938 11675 11381 13571 14591 15635 15959 15111 
1708 1571 825 594 337 0 318 472 605 824 1157 1094 1508 1832 1952 1303 1186 1205 1461 1565 1781 2155 2294 2394 2682 2228 2503 2668 3676 3323 3868 4376 3577 4190 3847 3803 4010 4854 5248 5706 5734 5676 6659 7470 6619 6565 6976 7079 7546 7383 1616 1874 1893 2112 2086 2276 2410 2249 2414 2556 2662 2607 2819 2703 2734 2816 3710 4015 4030 4827 4851 5155 5117 4677 4335 4136 3995 3982 3563 3452 3017 2824 2678 2674 2928 3187 3065 3496 3461 3790 3979 3603 3935 4372 4366 4693 4930 4866 4849 4579 4906 5081 5071 5272 5364 5294 5417 5741 6013 6133 6598 5531 6119 6599 5939 6416 6706 6405 6782 6913 7041 7107 7473 5965 6249 6633 6820 7132 7620 7605 7738 7927 7827 8365 8435 8824 8625 8161 8892 9165 9475 8948 9421 9873 10326 10422 10692 10806 11091 11777 10572 9893 9882 10486 11058 10816 11477 11929 10341 9940 9843 9401 8267 8622 8451 6182 6420 6888 6927 7155 7278 8131 8231 7553 7662 7903 7152 7409 6829 6977 6889 7259 7107 6925 7438 7647 7981 7830 8120 8262 8471 8361 8237 8316 8364 8225 8243 8388 8705 10859 12129 12964 13180 12433 13146 14847 15478 16012 15588 15180 14056 13612 17697 17674 17632 17234 16106 15460 15576 15461 13857 13273 12008 11618 13806 14706 15813 15960 14964 
1630 1393 647 542 252 318 0 172 554 579 979 786 1206 1526 1637 991 894 945 1264 1285 1475 1852 2028 2136 2400 1941 2209 2465 3486 3031 3585 4108 3267 3875 3531 3490 3697 4545 4982 5429 5483 5493 6593 7327 6472 6335 6768 6861 7342 7143 1514 1806 1743 1937 1888 2043 2195 2083 2234 2390 2504 2457 2674 2560 2597 2675 3555 3869 3882 4661 4696 4988 4923 4417 4083 3902 3763 3778 3336 3221 2794 2592 2450 2417 2660 2919 2822 3262 3202 3538 3705 3306 3637 4074 4057 4381 4618 4556 4543 4280 4608 4788 4782 4958 5053 4991 5110 5429 5699 5818 6283 5233 5813 6287 5647 6116 6398 6113 6490 6614 6749 6817 7184 5649 5933 6317 6504 6815 7304 7288 7422 7611 7513 8049 8121 8507 8309 7845 8577 8851 9160 8636 9109 9559 10012 10108 10377 10490 10775 11461 10255 9577 9566 10170 10741 10505 11166 11622 10035 9634 9536 9095 7961 8323 8157 5866 6117 6588 6618 6848 6964 7824 7936 7256 7374 7619 6860 7131 6541 6699 6610 6988 6846 6680 7176 7383 7718 7614 7893 8033 8234 8116 7994 8068 8115 7968 7977 8121 8424 10596 11836 12695 12891 12119 12843 14531 15161 15696 15276 14877 13753 13296 17386 17371 17343 16964 15954 15357 15387 15203 13603 13063 11813 11619 13809 14841 15884 16186 15265 
1702 1410 692 661 398 472 172 0 507 419 839 682 1105 1417 1508 832 724 777 1112 1114 1311 1686 1858 1967 2229 1856 2113 2453 3478 2935 3499 4037 3147 3739 3381 3333 3540 4425 4911 5348 5424 5486 6653 7342 6486 6293 6742 6828 7318 7093 1399 1703 1606 1790 1732 1877 2035 1938 2083 2244 2361 2316 2534 2421 2461 2537 3410 3727 3739 4511 4550 4838 4765 4246 3913 3735 3596 3618 3171 3055 2631 2426 2285 2248 2489 2748 2654 3095 3032 3369 3535 3138 3469 3906 3895 4222 4459 4395 4379 4113 4441 4619 4612 4801 4893 4825 4947 5270 5542 5663 6129 5065 5649 6128 5478 5949 6235 5944 6321 6447 6580 6647 7015 5497 5786 6166 6354 6671 7153 7143 7282 7469 7380 7913 7985 8364 8163 7696 8422 8695 9005 8477 8950 9403 9855 9952 10222 10338 10625 11319 10109 9429 9428 10030 10599 10378 11039 11500 9916 9516 9416 8979 7843 8216 8056 5724 6005 6481 6496 6728 6832 7706 7833 7151 7279 7527 6761 7046 6445 6616 6526 6910 6778 6626 7106 7313 7648 7582 7852 7991 8185 8060 7940 8010 8055 7902 7903 8047 8336 10525 11733 12616 12792 11985 12678 14381 15014 15543 15144 14761 13638 13153 17255 17253 17240 16878 15953 15386 15365 15131 13535 13029 11790 11707 13895 14981 15997 16352 15432 
2182 1915 1187 1087 788 605 554 507 0 461 600 1120 1531 1814 1850 1090 876 788 911 1170 1481 1825 1827 1906 2248 2291 2524 2954 3979 3340 3918 4479 3486 4019 3596 3506 3715 4757 5351 5770 5881 5986 7144 7848 6991 6768 7231 7311 7808 7558 1012 1277 1296 1527 1520 1750 1855 1657 1829 1962 2065 2008 2218 2102 2131 2214 3110 3412 3428 4230 4250 4557 4533 4171 3816 3592 3449 3408 3014 2907 2466 2286 2138 2179 2453 2711 2543 2955 2959 3275 3506 3206 3540 3975 4029 4377 4603 4530 4489 4185 4502 4658 4635 4965 5035 4915 5060 5418 5702 5839 6305 5124 5749 6272 5505 6016 6343 5971 6351 6503 6606 6665 7027 5689 6004 6364 6551 6896 7346 7363 7530 7708 7656 8175 8250 8590 8382 7900 8580 8850 9165 8613 9078 9549 9996 10097 10381 10513 10811 11548 10316 9633 9674 10269 10828 10667 11328 11805 10236 9839 9734 9306 8170 8573 8429 5967 6353 6840 6815 7053 7112 8032 8200 7515 7669 7924 7141 7458 6836 7029 6939 7335 7218 7086 7544 7749 8084 8065 8326 8464 8650 8517 8400 8464 8507 8346 8333 8476 8737 10954 12095 13030 13162 12246 12732 14548 15193 15686 15398 15073 13959 13371 17489 17537 17570 17261 16453 15891 15851 15552 13967 13507 12279 12168 14358 15310 16407 16512 15353 
2046 1675 1035 1069 816 824 579 419 461 0 444 747 1124 1383 1398 632 419 383 696 754 1030 1386 1471 1571 1866 1878 2094 2638 3659 2902 3485 4059 3029 3560 3144 3064 3273 4298 4929 5336 5472 5656 6953 7555 6698 6378 6865 6932 7443 7154 1039 1362 1205 1376 1314 1466 1618 1526 1667 1831 1949 1908 2127 2016 2058 2132 2997 3316 3327 4095 4136 4421 4347 3854 3515 3326 3186 3200 2758 2644 2216 2015 1872 1852 2105 2365 2249 2685 2638 2970 3157 2803 3137 3574 3601 3942 4172 4102 4071 3783 4105 4273 4259 4528 4606 4506 4641 4987 5268 5400 5866 4730 5337 5843 5128 5619 5928 5594 5973 6112 6230 6294 6659 5245 5554 5919 6107 6445 6903 6914 7075 7255 7197 7718 7793 8139 7934 7454 8148 8420 8733 8190 8657 9122 9572 9671 9950 10077 10372 11098 9871 9188 9220 9817 10378 10208 10869 11345 9775 9378 9273 8845 7710 8115 7974 5512 5895 6383 6355 6593 6653 7572 7745 7060 7219 7476 6689 7016 6387 6589 6498 6900 6793 6678 7118 7320 7655 7685 7933 8068 8245 8104 7989 8048 8090 7921 7900 8042 8291 10518 11637 12585 12705 11791 12347 14118 14759 15266 14945 14613 13499 12925 17044 17082 17110 16803 16100 15604 15465 15107 13531 13112 11905 12048 14231 15390 16372 16764 15757 
2488 2101 1478 1499 1228 1157 979 839 600 444 0 1130 1449 1653 1600 853 593 385 312 693 1068 1352 1249 1316 1682 2167 2344 3018 4030 3119 3712 4311 3163 3615 3135 3013 3220 4404 5169 5545 5733 6010 7378 7932 7077 6666 7181 7233 7759 7420 606 936 768 962 931 1151 1260 1105 1261 1413 1526 1479 1697 1584 1623 1700 2577 2891 2904 3685 3718 4013 3962 3572 3217 2995 2853 2826 2418 2310 1870 1688 1540 1586 1865 2122 1943 2357 2362 2676 2915 2651 2983 3415 3503 3862 4079 4000 3945 3625 3935 4083 4054 4450 4506 4359 4515 4891 5182 5328 5792 4554 5195 5739 4924 5447 5790 5389 5768 5928 6022 6079 6439 5190 5523 5866 6052 6417 6841 6878 7067 7236 7217 7721 7798 8104 7892 7399 8048 8316 8632 8069 8528 9008 9452 9554 9845 9986 10289 11053 9810 9127 9200 9787 10336 10229 10887 11377 9830 9439 9329 8914 7784 8222 8101 5508 6004 6503 6428 6670 6681 7646 7867 7182 7371 7636 6834 7200 6547 6778 6687 7103 7020 6938 7339 7537 7871 7983 8212 8344 8505 8351 8241 8290 8329 8147 8105 8245 8454 10710 11732 12742 12805 11775 12149 14005 14653 15127 14905 14635 13537 12862 16962 17044 17117 16877 16401 15967 15730 15256 13710 13375 12200 12485 14665 15818 16815 17107 15913 
1479 1004 628 882 836 1094 786 682 1120 747 1130 0 425 741 867 467 613 822 1268 937 913 1272 1646 1784 1917 1180 1432 1895 2914 2255 2820 3366 2483 3106 2803 2795 2996 3761 4239 4671 4763 4910 6261 6813 5956 5651 6125 6198 6703 6439 1732 2064 1806 1902 1782 1794 2005 2060 2153 2341 2468 2446 2663 2562 2617 2677 3475 3806 3810 4516 4584 4835 4690 3968 3671 3559 3431 3539 3035 2913 2534 2308 2188 2048 2229 2473 2483 2939 2791 3140 3217 2718 3037 3465 3385 3687 3930 3877 3886 3663 3998 4197 4210 4252 4363 4347 4443 4731 4990 5096 5558 4615 5151 5585 5057 5480 5725 5517 5887 5985 6148 6224 6594 4918 5185 5579 5765 6060 6565 6534 6655 6847 6736 7277 7347 7748 7553 7098 7854 8129 8435 7928 8405 8841 9295 9389 9647 9751 10029 10694 9500 8825 8796 9402 9976 9723 10383 10837 9250 8848 8751 8310 7176 7540 7377 5105 5332 5805 5834 6063 6187 7039 7154 6473 6599 6847 6081 6367 5765 5936 5847 6233 6107 5967 6434 6640 6975 6952 7209 7346 7531 7399 7282 7347 7391 7233 7228 7371 7656 9850 11055 11938 12113 11341 12178 13782 14405 14953 14496 14092 12968 12530 16604 16586 16563 16198 15359 14860 14738 14455 12862 12390 11170 11392 13560 14908 15757 16501 15895 
1485 929 900 1207 1226 1508 1206 1105 1531 1124 1449 425 0 329 522 625 867 1090 1518 1057 865 1148 1646 1792 1824 761 1008 1594 2589 1831 2397 2949 2076 2723 2468 2493 2687 3350 3822 4248 4353 4562 6033 6491 5637 5254 5746 5809 6324 6034 2028 2359 2036 2081 1935 1866 2097 2237 2296 2491 2620 2612 2820 2730 2790 2840 3574 3907 3907 4562 4647 4872 4683 3839 3571 3506 3387 3549 3020 2897 2560 2330 2229 2028 2158 2381 2462 2914 2711 3060 3074 2512 2813 3228 3098 3377 3624 3578 3605 3418 3753 3965 3991 3928 4052 4073 4150 4411 4659 4755 5212 4360 4857 5259 4818 5206 5421 5271 5635 5713 5895 5976 6345 4569 4818 5221 5406 5685 6204 6159 6268 6463 6338 6882 6951 7366 7175 6729 7505 7780 8082 7590 8069 8493 8948 9039 9290 9386 9658 10304 9122 8450 8404 9012 9588 9315 9974 10424 8835 8433 8337 7894 6761 7119 6954 4726 4914 5384 5422 5650 5788 6624 6732 6051 6175 6423 5658 5944 5341 5513 5423 5812 5689 5559 6016 6221 6556 6562 6810 6946 7125 6989 6872 6935 6978 6816 6807 6951 7232 9429 10632 11515 11689 10939 11860 13404 14020 14578 14089 13674 12550 12139 16193 16168 16140 15774 14980 14519 14342 14034 12442 11990 10783 11189 13334 14828 15567 16537 16157 
1674 1103 1217 1530 1554 1832 1526 1417 1814 1383 1653 741 329 0 269 801 1060 1274 1667 1142 848 1032 1597 1745 1696 517 713 1519 2462 1528 2106 2678 1748 2396 2160 2204 2392 3023 3547 3958 4094 4392 5981 6343 5496 5016 5531 5581 6109 5779 2197 2522 2152 2157 1994 1865 2104 2306 2338 2534 2662 2664 2863 2782 2847 2887 3561 3892 3889 4499 4596 4800 4580 3653 3407 3377 3267 3467 2926 2804 2505 2276 2192 1950 2037 2239 2373 2813 2573 2917 2885 2284 2571 2974 2814 3079 3327 3286 3323 3157 3491 3710 3744 3622 3752 3793 3860 4106 4349 4440 4896 4089 4565 4950 4556 4923 5122 5004 5363 5430 5623 5706 6074 4251 4495 4900 5085 5360 5881 5834 5940 6136 6010 6554 6622 7039 6848 6405 7186 7461 7762 7275 7755 8175 8630 8720 8968 9062 9333 9976 8795 8124 8075 8683 9260 8988 9648 10099 8511 8109 8012 7571 6437 6801 6641 4400 4592 5066 5096 5325 5459 6300 6417 5735 5867 6118 5346 5646 5034 5217 5127 5522 5411 5301 5736 5939 6274 6331 6565 6699 6868 6724 6610 6667 6709 6539 6521 6663 6929 9141 10317 11219 11377 10611 11551 13077 13692 14251 13762 13352 12228 11811 15867 15846 15824 15468 14752 14333 14094 13740 12155 11739 10550 11143 13261 14869 15516 16653 16429 
1939 1368 1417 1716 1702 1952 1637 1508 1850 1398 1600 867 522 269 0 773 1024 1217 1565 1011 664 784 1368 1514 1437 664 759 1735 2638 1521 2113 2713 1644 2241 1952 1972 2166 2921 3570 3953 4137 4526 6189 6491 5649 5081 5620 5657 6196 5823 2103 2418 2015 1991 1819 1657 1897 2134 2148 2343 2469 2478 2670 2594 2661 2696 3336 3665 3660 4252 4353 4550 4321 3386 3140 3114 3006 3215 2672 2550 2266 2039 1962 1705 1779 1976 2122 2557 2310 2652 2618 2021 2312 2720 2578 2857 3103 3057 3086 2906 3241 3456 3487 3410 3532 3554 3630 3892 4143 4242 4702 3844 4337 4742 4306 4686 4900 4757 5119 5194 5379 5461 5830 4060 4320 4717 4903 5194 5702 5668 5790 5982 5877 6414 6485 6881 6686 6233 6997 7272 7576 7077 7556 7984 8439 8532 8786 8887 9164 9829 8634 7959 7932 8538 9111 8871 9532 9994 8412 8012 7911 7476 6340 6727 6580 4239 4509 4993 4991 5224 5328 6203 6352 5668 5822 6079 5293 5624 4990 5198 5107 5514 5423 5340 5744 5943 6277 6402 6620 6750 6907 6752 6642 6691 6730 6550 6516 6657 6895 9130 10249 11189 11315 10483 11343 12916 13539 14088 13640 13257 12136 11665 15750 15747 15744 15413 14809 14434 14131 13711 12140 11776 10611 11348 13448 15109 15711 16913 16673 
1941 1443 1068 1271 1138 1303 991 832 1090 632 853 467 625 801 773 0 261 477 895 476 496 873 1185 1320 1481 1315 1498 2218 3211 2289 2878 3467 2399 2940 2554 2501 2709 3668 4331 4723 4888 5173 6647 7110 6257 5815 6329 6381 6908 6574 1410 1740 1414 1475 1341 1330 1545 1633 1709 1901 2030 2014 2228 2131 2189 2244 3020 3352 3355 4052 4123 4371 4225 3532 3224 3101 2971 3074 2571 2450 2069 1843 1722 1587 1781 2030 2021 2477 2341 2689 2791 2335 2663 3098 3067 3391 3628 3566 3554 3301 3632 3820 3822 3970 4063 4005 4121 4439 4711 4833 5298 4255 4825 5297 4681 5134 5409 5145 5519 5635 5780 5851 6220 4668 4962 5338 5526 5850 6325 6321 6470 6654 6581 7108 7181 7544 7342 6870 7591 7864 8174 7646 8119 8571 9024 9121 9391 9509 9797 10502 9285 8604 8616 9216 9782 9589 10250 10722 9149 8751 8647 8218 7082 7485 7344 4908 5264 5753 5728 5965 6036 6944 7114 6429 6591 6850 6060 6396 5761 5970 5879 6285 6189 6093 6511 6712 7046 7131 7363 7496 7661 7512 7400 7453 7493 7317 7287 7428 7666 9902 11006 11960 12075 11182 11857 13552 14187 14712 14340 13990 12873 12334 16447 16469 16485 16173 15551 15125 14887 14482 12912 12532 11349 11796 13950 15366 16173 16963 16247 
2076 1616 1131 1273 1086 1186 894 724 876 419 593 613 867 1060 1024 261 0 225 664 400 615 978 1153 1273 1508 1574 1757 2453 3455 2543 3134 3726 2632 3145 2727 2651 2859 3895 4588 4976 5147 5425 6861 7357 6503 6075 6588 6640 7166 6833 1162 1494 1198 1291 1177 1229 1423 1449 1548 1733 1860 1836 2053 1951 2005 2067 2878 3207 3213 3938 3998 4261 4143 3538 3213 3059 2924 2989 2509 2390 1985 1767 1636 1552 1778 2035 1973 2424 2329 2671 2817 2418 2750 3188 3195 3532 3764 3696 3671 3395 3721 3897 3890 4117 4198 4112 4241 4579 4857 4986 5453 4346 4940 5435 4756 5232 5529 5221 5599 5728 5858 5925 6292 4830 5137 5503 5691 6028 6488 6496 6658 6837 6781 7301 7376 7722 7517 7038 7738 8010 8323 7783 8253 8714 9165 9263 9540 9665 9958 10681 9455 8772 8803 9399 9961 9793 10454 10931 9364 8968 8862 8436 7301 7715 7580 5095 5494 5986 5946 6185 6238 7164 7349 6663 6833 7094 6300 6644 6004 6219 6128 6538 6445 6352 6766 6966 7300 7391 7623 7755 7920 7770 7658 7710 7750 7573 7539 7680 7910 10152 11235 12204 12305 11373 11962 13707 14347 14859 14528 14199 13086 12508 16627 16664 16696 16400 15811 15380 15146 14725 13160 12791 11609 12000 14164 15503 16368 17017 16148 
2264 1823 1289 1390 1167 1205 945 777 788 383 385 822 1090 1274 1217 477 225 0 447 384 715 1041 1090 1193 1486 1790 1961 2677 3678 2736 3328 3927 2793 3272 2821 2722 2931 4043 4785 5164 5350 5647 7079 7580 6726 6284 6804 6853 7382 7036 938 1270 985 1098 1002 1105 1276 1255 1369 1548 1673 1643 1862 1757 1808 1873 2704 3031 3038 3782 3834 4106 4009 3476 3139 2960 2822 2857 2398 2282 1862 1653 1514 1474 1724 1984 1878 2320 2260 2594 2776 2430 2764 3200 3243 3591 3817 3744 3705 3410 3730 3895 3879 4178 4248 4136 4276 4632 4916 5053 5519 4354 4969 5485 4748 5245 5561 5215 5594 5735 5851 5914 6279 4904 5224 5580 5767 6117 6561 6583 6757 6932 6894 7406 7482 7809 7601 7116 7794 8064 8378 7829 8294 8763 9212 9311 9595 9727 10024 10766 9532 8848 8898 9490 10047 9907 10567 11051 9493 9099 8991 8570 7437 7864 7737 5195 5644 6141 6081 6322 6353 7300 7504 6819 7000 7264 6464 6823 6174 6400 6308 6722 6638 6554 6957 7155 7489 7602 7829 7961 8121 7968 7858 7907 7945 7764 7724 7865 8081 10332 11380 12372 12452 11472 11970 13763 14407 14903 14618 14316 13209 12586 16703 16760 16809 16538 16019 15600 15346 14890 13336 12992 11818 12213 14380 15676 16575 17125 16130 
2697 2268 1705 1764 1507 1461 1264 1112 911 696 312 1268 1518 1667 1565 895 664 447 0 567 954 1170 968 1021 1408 2182 2323 3111 4104 3059 3653 4268 3042 3441 2928 2784 2990 4254 5112 5462 5692 6057 7524 8001 7150 6644 7183 7221 7760 7375 539 857 539 681 628 842 951 834 973 1137 1257 1219 1438 1329 1376 1446 2303 2623 2634 3401 3441 3728 3663 3264 2907 2685 2542 2523 2108 2000 1560 1377 1229 1285 1569 1823 1634 2047 2056 2367 2614 2380 2710 3137 3250 3614 3826 3743 3679 3348 3652 3793 3760 4202 4248 4084 4247 4633 4927 5079 5542 4268 4919 5475 4629 5161 5515 5093 5473 5638 5725 5780 6139 4949 5293 5624 5810 6185 6593 6642 6843 7007 7008 7501 7581 7865 7651 7154 7783 8049 8365 7797 8252 8736 9178 9281 9576 9722 10028 10807 9559 8876 8968 9548 10091 10014 10669 11166 9634 9247 9134 8727 7602 8060 7952 5290 5850 6354 6249 6494 6477 7465 7715 7032 7241 7511 6699 7092 6424 6675 6584 7009 6946 6890 7259 7453 7784 7966 8177 8306 8453 8289 8183 8224 8259 8067 8010 8148 8328 10598 11555 12602 12627 11540 11851 13729 14377 14841 14653 14411 13324 12605 16688 16784 16875 16667 16359 15995 15658 15100 13581 13313 12169 12659 14826 16083 17019 17416 16192 
2414 1917 1510 1670 1484 1565 1285 1114 1170 754 693 937 1057 1142 1011 476 400 384 567 0 390 666 754 876 1118 1648 1768 2636 3602 2494 3087 3704 2487 2923 2451 2343 2552 3716 4546 4898 5127 5527 7087 7484 6637 6082 6629 6662 7204 6810 1103 1411 1012 1027 879 858 1070 1181 1243 1437 1566 1555 1765 1673 1734 1784 2546 2878 2881 3580 3649 3899 3763 3139 2814 2663 2530 2610 2119 1999 1604 1382 1256 1154 1380 1637 1578 2031 1930 2272 2422 2050 2384 2821 2860 3209 3434 3361 3323 3030 3352 3521 3508 3797 3866 3755 3894 4249 4534 4672 5138 3976 4587 5103 4376 4866 5179 4843 5221 5358 5479 5544 5910 4525 4849 5201 5388 5742 6182 6207 6386 6559 6530 7038 7115 7433 7224 6737 7411 7681 7995 7446 7911 8380 8829 8928 9212 9344 9643 10389 9152 8468 8525 9115 9669 9543 10202 10690 9139 8748 8638 8222 7092 7533 7415 4825 5316 5817 5736 5979 5992 6954 7180 6496 6693 6961 6153 6535 5872 6116 6025 6447 6381 6325 6695 6890 7221 7405 7613 7741 7887 7723 7617 7658 7694 7503 7449 7587 7778 10043 11041 12061 12113 11100 11594 13380 14024 14521 14242 13951 12849 12206 16322 16383 16440 16186 15793 15443 15094 14570 13034 12747 11605 12245 14385 15841 16624 17409 16510 
2327 1787 1537 1760 1632 1781 1475 1311 1481 1030 1068 913 865 848 664 496 615 715 954 390 0 379 782 928 1006 1324 1409 2366 3296 2111 2704 3324 2100 2557 2116 2037 2246 3336 4161 4510 4746 5188 6828 7154 6312 5707 6262 6289 6836 6427 1487 1787 1362 1328 1156 1021 1258 1471 1492 1688 1816 1820 2017 1937 2003 2041 2725 3057 3055 3698 3785 4008 3825 3056 2761 2664 2541 2686 2162 2039 1696 1466 1367 1168 1324 1563 1604 2059 1884 2234 2307 1841 2169 2604 2587 2920 3154 3088 3069 2809 3139 3325 3328 3504 3588 3517 3637 3968 4245 4373 4839 3762 4340 4825 4186 4643 4926 4650 5025 5142 5285 5356 5725 4216 4525 4890 5077 5417 5875 5885 6051 6228 6181 6697 6773 7111 6904 6425 7126 7398 7710 7174 7645 8103 8554 8652 8928 9051 9344 10069 8842 8159 8194 8789 9349 9195 9855 10337 8778 8385 8276 7856 6724 7156 7034 4487 4937 5436 5367 5609 5640 6586 6799 6115 6307 6574 5768 6146 5485 5727 5636 6058 5993 5942 6307 6501 6832 7030 7232 7359 7502 7336 7231 7271 7307 7114 7060 7198 7391 9654 10669 11677 11741 10767 11369 13094 13733 14247 13918 13603 12495 11895 16014 16057 16098 15824 15407 15075 14706 14189 12648 12360 11223 11990 14104 15688 16362 17387 16738 
2632 2074 1898 2133 2010 2155 1852 1686 1825 1386 1352 1272 1148 1032 784 873 978 1041 1170 666 379 0 604 744 677 1424 1428 2513 3379 2017 2596 3229 1900 2273 1786 1682 1891 3087 4037 4347 4638 5197 6954 7173 6345 5617 6201 6209 6769 6304 1667 1933 1463 1358 1171 929 1165 1478 1448 1636 1756 1778 1951 1890 1960 1982 2563 2890 2884 3469 3570 3769 3552 2708 2427 2362 2246 2435 1895 1773 1484 1258 1189 922 1014 1235 1342 1783 1565 1914 1950 1463 1791 2226 2218 2557 2788 2719 2695 2431 2761 2948 2952 3143 3221 3140 3264 3602 3883 4016 4482 3384 3965 4459 3809 4265 4553 4273 4647 4765 4907 4979 5348 3865 4185 4540 4728 5078 5523 5543 5721 5894 5866 6373 6450 6770 6561 6076 6763 7035 7348 6806 7276 7738 8188 8286 8565 8693 8988 9726 8493 7809 7860 8451 9007 8879 9537 10026 8480 8090 7979 7567 6439 6891 6784 4160 4682 5187 5084 5328 5330 6301 6546 5864 6079 6351 5536 5945 5267 5534 5442 5875 5834 5818 6140 6329 6656 6939 7118 7240 7365 7187 7088 7117 7149 6945 6872 7008 7167 9444 10391 11434 11463 10435 10993 12733 13375 13882 13579 13286 12185 11547 15665 15720 15775 15525 15246 14985 14524 13932 12417 12195 11097 12106 14178 15893 16445 17676 17116 
3099 2565 2248 2422 2235 2294 2028 1858 1827 1471 1249 1646 1646 1597 1368 1185 1153 1090 968 754 782 604 0 149 444 2021 2031 3103 3982 2585 3150 3786 2391 2634 2059 1873 2072 3490 4567 4842 5177 5791 7553 7768 6943 6166 6766 6762 7329 6826 1332 1527 1035 853 671 351 572 942 873 1052 1166 1196 1357 1303 1375 1389 1969 2298 2294 2918 3007 3228 3051 2390 2061 1918 1787 1908 1391 1269 916 686 596 404 635 894 837 1294 1178 1519 1688 1415 1743 2171 2296 2666 2870 2785 2714 2381 2688 2835 2809 3251 3288 3117 3281 3673 3970 4127 4587 3306 3953 4512 3679 4199 4548 4145 4524 4681 4780 4839 5202 4005 4361 4677 4862 5250 5639 5701 5917 6074 6101 6579 6660 6920 6703 6201 6818 7084 7400 6830 7286 7770 8211 8314 8609 8757 9064 9851 8600 7918 8027 8600 9137 9093 9743 10248 8741 8361 8244 7852 6741 7231 7150 4378 5054 5564 5401 5649 5582 6606 6909 6236 6485 6762 5939 6388 5691 5988 5897 6340 6324 6340 6621 6803 7125 7483 7644 7762 7871 7682 7588 7608 7636 7421 7327 7459 7572 9857 10686 11791 11754 10593 10906 12763 13411 13879 13692 13471 12399 11642 15722 15819 15916 15735 15696 15507 14951 14247 12786 12657 11602 12707 14780 16463 17048 18147 17158 
3241 2711 2380 2545 2349 2394 2136 1967 1906 1571 1316 1784 1792 1745 1514 1320 1273 1193 1021 876 928 744 149 0 444 2165 2168 3249 4122 2702 3261 3897 2484 2691 2099 1896 2089 3554 4668 4931 5281 5920 7696 7897 7075 6273 6878 6870 7439 6922 1332 1498 1009 798 628 276 461 866 772 941 1049 1086 1235 1189 1261 1269 1823 2152 2147 2771 2859 3081 2910 2284 1947 1788 1655 1763 1252 1130 769 539 449 282 550 807 703 1158 1068 1403 1601 1388 1710 2129 2286 2660 2856 2767 2685 2339 2637 2774 2741 3240 3267 3075 3248 3651 3950 4113 4569 3250 3909 4482 3610 4142 4504 4074 4454 4618 4707 4764 5124 3998 4362 4668 4851 5248 5622 5693 5919 6071 6113 6583 6664 6908 6690 6185 6784 7047 7363 6788 7240 7728 8167 8271 8569 8721 9031 9828 8575 7894 8017 8586 9118 9095 9742 10250 8756 8379 8260 7874 6770 7270 7196 4390 5106 5616 5436 5684 5599 6635 6954 6285 6543 6822 5997 6458 5756 6062 5972 6416 6409 6436 6703 6882 7202 7586 7741 7857 7960 7767 7676 7692 7719 7500 7400 7530 7629 9915 10707 11829 11773 10579 10834 12714 13363 13821 13662 13459 12396 11610 15672 15780 15887 15725 15757 15597 15007 14270 12826 12727 11689 12849 14915 16610 17182 18281 17203 
3307 2751 2540 2748 2589 2682 2400 2229 2248 1866 1682 1917 1824 1696 1437 1481 1508 1486 1408 1118 1006 677 444 444 0 2035 1977 3133 3935 2403 2935 3568 2116 2264 1661 1453 1646 3132 4306 4542 4924 5648 7527 7622 6816 5922 6544 6521 7097 6544 1767 1941 1452 1240 1071 717 865 1296 1178 1324 1416 1467 1583 1557 1629 1621 2014 2327 2315 2833 2946 3123 2886 2053 1758 1686 1573 1789 1241 1122 912 719 720 377 343 560 708 1124 889 1238 1313 973 1303 1734 1854 2225 2428 2342 2272 1944 2256 2412 2394 2809 2845 2679 2839 3230 3526 3684 4144 2877 3515 4069 3264 3770 4110 3730 4109 4256 4366 4429 4795 3565 3924 4236 4420 4811 5196 5260 5480 5635 5671 6144 6225 6478 6261 5759 6376 6642 6958 6390 6848 7330 7772 7875 8168 8315 8621 9407 8157 7474 7586 8158 8694 8657 9305 9812 8313 7936 7818 7431 6327 6829 6758 3948 4672 5182 4995 5243 5156 6192 6516 5849 6113 6394 5568 6039 5334 5649 5559 6007 6013 6061 6301 6476 6793 7226 7364 7477 7569 7370 7282 7292 7318 7093 6984 7113 7197 9483 10264 11387 11330 10151 10488 12325 12973 13447 13249 13030 11960 11199 15283 15377 15473 15294 15327 15199 14572 13827 12385 12305 11290 12649 14657 16511 16910 18348 17594 
1632 1100 1502 1826 1920 2228 1941 1856 2291 1878 2167 1180 761 517 664 1315 1574 1790 2182 1648 1324 1424 2021 2165 2035 0 304 1099 1974 1099 1645 2189 1457 2178 2086 2200 2364 2690 3062 3493 3595 3880 5533 5837 4993 4506 5015 5068 5593 5277 2713 3038 2659 2649 2479 2319 2559 2795 2811 3007 3133 3141 3333 3257 3324 3359 3985 4312 4306 4867 4977 5157 4900 3860 3655 3676 3578 3823 3275 3156 2902 2679 2612 2337 2374 2543 2738 3156 2874 3203 3100 2442 2688 3052 2810 3023 3270 3245 3316 3215 3540 3773 3827 3521 3676 3785 3817 4005 4222 4289 4730 4106 4508 4825 4590 4893 5036 5019 5363 5397 5618 5709 6072 4085 4287 4708 4888 5122 5673 5594 5667 5870 5703 6257 6321 6775 6595 6175 6994 7268 7560 7106 7587 7980 8433 8519 8749 8826 9083 9679 8530 7870 7779 8389 8970 8642 9298 9732 8139 7737 7645 7197 6070 6400 6224 4161 4214 4670 4749 4968 5154 5934 6007 5330 5436 5679 4926 5192 4603 4761 4671 5055 4929 4801 5256 5461 5797 5819 6058 6193 6368 6229 6114 6175 6218 6056 6049 6193 6484 8671 9902 10761 10953 10280 11394 12797 13394 13969 13409 12962 11838 11506 15497 15451 15406 15026 14240 13817 13590 13277 11684 11236 10039 10689 12785 14482 15048 16337 16411 
1912 1395 1797 2122 2203 2503 2209 2113 2524 2094 2344 1432 1008 713 759 1498 1757 1961 2323 1768 1409 1428 2031 2168 1977 304 0 1210 1962 824 1394 1971 1154 1880 1820 1958 2110 2391 2837 3247 3391 3785 5552 5757 4922 4326 4862 4900 5438 5077 2860 3176 2769 2729 2551 2351 2589 2867 2861 3054 3177 3193 3374 3307 3377 3403 3971 4292 4283 4798 4918 5077 4795 3694 3514 3565 3477 3751 3203 3088 2873 2658 2606 2308 2306 2449 2684 3081 2773 3089 2945 2265 2488 2831 2561 2755 3000 2981 3062 2984 3304 3541 3603 3239 3399 3528 3549 3722 3933 3996 4434 3856 4234 4535 4343 4626 4754 4766 5103 5127 5357 5449 5810 3790 3987 4409 4588 4820 5372 5291 5364 5567 5402 5955 6020 6473 6292 5873 6694 6967 7259 6808 7288 7679 8132 8217 8447 8523 8780 9378 8228 7567 7478 8088 8668 8347 9004 9442 7850 7448 7355 6908 5779 6120 5950 3858 3925 4387 4453 4674 4853 5643 5730 5051 5168 5416 4652 4938 4334 4508 4418 4811 4700 4597 5025 5228 5562 5646 5869 6001 6164 6016 5904 5958 5999 5828 5810 5952 6225 8430 9628 10511 10683 9983 11095 12495 13094 13668 13117 12680 11556 11206 15211 15172 15136 14767 14059 13676 13391 13031 11444 11035 9859 10689 12751 14537 15018 16436 16658 
1273 1104 1844 2108 2332 2668 2465 2453 2954 2638 3018 1895 1594 1519 1735 2218 2453 2677 3111 2636 2366 2513 3103 3249 3133 1099 1210 0 1027 1458 1689 1947 2050 2797 2923 3109 3235 3003 2754 3271 3147 3034 4463 4919 4062 3912 4309 4414 4881 4744 3611 3944 3628 3661 3504 3383 3622 3814 3854 4050 4178 4178 4379 4296 4360 4403 5070 5399 5394 5965 6075 6254 5990 4902 4722 4763 4669 4921 4372 4254 3996 3770 3697 3431 3471 3636 3835 4253 3964 4288 4154 3472 3684 4005 3688 3826 4061 4059 4170 4143 4450 4693 4766 4239 4423 4622 4606 4703 4871 4894 5292 4965 5257 5455 5459 5672 5727 5857 6173 6159 6418 6517 6867 4671 4783 5220 5383 5526 6121 5976 5970 6185 5922 6485 6536 7071 6919 6564 7442 7708 7976 7599 8071 8403 8843 8917 9105 9141 9361 9830 8785 8165 7970 8573 9153 8681 9313 9689 8114 7716 7644 7184 6108 6322 6095 4598 4288 4667 4891 5076 5395 5981 5905 5269 5272 5476 4822 4941 4472 4517 4435 4747 4543 4303 4874 5085 5412 5164 5460 5604 5825 5731 5602 5693 5746 5631 5689 5834 6235 8267 9698 10380 10698 10327 11828 12922 13459 14059 13327 12781 11682 11599 15296 15178 15065 14614 13501 12968 12923 12831 11228 10607 9349 9625 11751 13385 14000 15245 15537 
2134 2106 2856 3102 3342 3676 3486 3478 3979 3659 4030 2914 2589 2462 2638 3211 3455 3678 4104 3602 3296 3379 3982 4122 3935 1974 1962 1027 0 1749 1604 1486 2337 2976 3308 3558 3631 2865 2077 2616 2321 2009 3594 3903 3049 2964 3308 3431 3874 3811 4616 4947 4608 4617 4450 4289 4529 4765 4784 4980 5106 5114 5306 5231 5298 5333 5931 6253 6244 6737 6865 7004 6690 5474 5358 5464 5389 5692 5146 5034 4834 4618 4564 4269 4257 4381 4640 5023 4694 4988 4773 4071 4215 4458 4059 4100 4306 4332 4483 4555 4823 5070 5167 4391 4598 4892 4820 4807 4911 4885 5220 5249 5392 5448 5737 5826 5775 6080 6349 6277 6574 6680 7002 4655 4669 5098 5238 5283 5898 5695 5615 5832 5494 6044 6083 6673 6551 6268 7176 7426 7662 7372 7822 8085 8503 8563 8707 8706 8889 9244 8305 7736 7457 8039 8605 8032 8636 8965 7431 7044 6988 6529 5522 5639 5383 4436 3811 4104 4441 4586 5007 5405 5217 4634 4558 4728 4171 4175 3815 3772 3699 3948 3699 3397 4023 4233 4548 4173 4488 4634 4872 4800 4667 4771 4828 4740 4834 4976 5437 7354 8873 9460 9834 9655 11440 12255 12739 13343 12521 11929 10859 10936 14395 14251 14115 13646 12476 11947 11905 11866 10271 9601 8334 8729 10812 12590 13076 14523 15215 
2527 2090 2595 2919 3018 3323 3031 2935 3340 2902 3119 2255 1831 1528 1521 2289 2543 2736 3059 2494 2111 2017 2585 2702 2403 1099 824 1458 1749 0 595 1216 613 1342 1566 1809 1889 1637 2054 2436 2636 3249 5259 5220 4422 3605 4185 4194 4753 4317 3595 3897 3456 3373 3187 2930 3155 3494 3454 3636 3749 3780 3936 3887 3959 3970 4406 4707 4691 5086 5229 5332 4987 3732 3635 3775 3716 4058 3528 3426 3310 3120 3104 2772 2685 2757 3076 3404 3043 3308 3050 2349 2472 2711 2326 2410 2635 2645 2776 2815 3095 3342 3432 2789 2979 3211 3173 3248 3414 3440 3847 3562 3807 3999 4056 4228 4270 4433 4736 4710 4977 5078 5423 3219 3352 3787 3956 4136 4715 4600 4637 4846 4644 5203 5264 5748 5579 5187 6042 6312 6592 6182 6658 7017 7465 7545 7755 7814 8057 8615 7494 6847 6720 7330 7912 7553 8208 8637 7043 6641 6551 6100 4976 5302 5128 3188 3119 3572 3666 3881 4099 4841 4909 4232 4345 4593 3830 4119 3511 3690 3600 3999 3903 3832 4224 4424 4758 4928 5123 5249 5395 5235 5127 5173 5211 5030 5000 5142 5403 7618 8807 9692 9861 9196 10448 11736 12321 12904 12315 11864 10740 10433 14399 14353 14314 13945 13301 12977 12613 12213 10631 10261 9113 10289 12256 14229 14509 16197 16924 
2896 2531 3109 3429 3553 3868 3585 3499 3918 3485 3712 2820 2397 2106 2113 2878 3134 3328 3653 3087 2704 2596 3150 3261 2935 1645 1394 1689 1604 595 0 637 890 1391 1826 2111 2136 1331 1460 1854 2046 2769 4904 4718 3947 3022 3618 3615 4180 3724 4189 4489 4044 3953 3767 3498 3718 4071 4021 4199 4309 4344 4493 4449 4521 4528 4912 5202 5184 5519 5671 5745 5371 4052 4005 4188 4144 4513 3999 3905 3830 3651 3647 3309 3194 3238 3583 3876 3501 3736 3428 2743 2806 2970 2530 2524 2718 2752 2915 3036 3276 3520 3628 2789 2996 3305 3222 3206 3321 3309 3672 3662 3790 3874 4146 4224 4187 4479 4746 4678 4972 5077 5403 3080 3138 3575 3730 3845 4447 4291 4283 4497 4245 4808 4862 5386 5232 4879 5763 6027 6291 5928 6396 6718 7157 7230 7418 7457 7682 8186 7109 6482 6307 6914 7496 7081 7729 8140 6548 6146 6062 5607 4497 4783 4594 2934 2647 3070 3229 3427 3712 4365 4381 3713 3796 4036 3295 3548 2965 3118 3028 3418 3313 3239 3635 3836 4171 4343 4531 4657 4801 4641 4533 4580 4618 4440 4416 4559 4840 7037 8267 9120 9313 8730 10141 11300 11866 12458 11816 11338 10217 9985 13880 13818 13765 13382 12707 12391 12020 11638 10050 9667 8521 9832 11744 13794 13980 15771 16785 
3216 2939 3585 3894 4051 4376 4108 4037 4479 4059 4311 3366 2949 2678 2713 3467 3726 3927 4268 3704 3324 3229 3786 3897 3568 2189 1971 1947 1486 1216 637 0 1488 1828 2359 2658 2651 1443 875 1346 1425 2190 4415 4109 3362 2390 2982 2981 3544 3111 4805 5110 4671 4586 4400 4134 4354 4705 4657 4835 4945 4980 5128 5085 5157 5164 5535 5820 5801 6104 6262 6318 5927 4576 4561 4768 4732 5114 4610 4519 4459 4283 4281 3942 3821 3855 4208 4488 4107 4326 3993 3324 3355 3469 3004 2933 3096 3147 3331 3509 3715 3951 4070 3093 3309 3674 3554 3456 3516 3466 3768 4027 4045 4019 4493 4482 4368 4779 5008 4900 5215 5323 5624 3236 3209 3633 3766 3798 4413 4211 4141 4359 4043 4600 4644 5215 5084 4786 5693 5945 6186 5887 6338 6610 7034 7097 7255 7268 7468 7895 6886 6293 6055 6651 7227 6735 7367 7749 6170 5771 5698 5238 4166 4379 4162 2965 2373 2726 2994 3160 3540 4041 3965 3324 3343 3562 2879 3045 2531 2615 2528 2885 2742 2628 3070 3277 3612 3712 3911 4039 4195 4047 3934 3990 4032 3868 3870 4014 4346 6490 7802 8589 8829 8381 9991 10977 11514 12114 11404 10887 9775 9654 13425 13341 13266 12859 12097 11762 11421 11097 9499 9066 7903 9243 11122 13209 13350 15184 16379 
3029 2539 2930 3252 3301 3577 3267 3147 3486 3029 3163 2483 2076 1748 1644 2399 2632 2793 3042 2487 2100 1900 2391 2484 2116 1457 1154 2050 2337 613 890 1488 0 756 974 1241 1296 1279 2191 2455 2809 3656 5776 5595 4833 3807 4438 4408 4985 4438 3559 3832 3359 3229 3042 2740 2944 3330 3255 3421 3522 3566 3696 3664 3736 3733 4052 4334 4315 4631 4784 4856 4486 3183 3121 3300 3256 3630 3123 3032 2987 2823 2835 2492 2347 2369 2729 3000 2620 2848 2541 1854 1928 2127 1723 1798 2024 2033 2165 2219 2490 2737 2831 2190 2375 2598 2564 2657 2839 2881 3305 2950 3207 3433 3444 3624 3686 3823 4128 4110 4371 4471 4819 2667 2840 3267 3443 3667 4222 4138 4215 4417 4267 4815 4882 5322 5140 4720 5546 5819 6109 5668 6148 6530 6983 7067 7294 7370 7628 8240 7078 6416 6338 6948 7527 7241 7901 8355 6771 6370 6271 5833 4698 5087 4949 2706 2868 3356 3352 3583 3717 4561 4718 4033 4210 4475 3673 4051 3386 3637 3545 3976 3940 3953 4243 4430 4757 5111 5258 5374 5482 5296 5201 5224 5255 5047 4974 5111 5293 7557 8609 9581 9677 8865 9952 11352 11958 12526 12015 11615 10493 10072 14121 14108 14101 13775 13348 13118 12626 12098 10549 10297 9214 10719 12607 14682 14824 16659 17534 
3776 3274 3606 3923 3939 4190 3875 3739 4019 3560 3615 3106 2723 2396 2241 2940 3145 3272 3441 2923 2557 2273 2634 2691 2264 2178 1880 2797 2976 1342 1391 1828 756 0 648 942 867 874 2284 2380 2894 3996 6240 5846 5151 3878 4551 4472 5057 4385 3919 4152 3661 3483 3303 2964 3128 3555 3441 3579 3660 3719 3808 3800 3870 3848 3989 4231 4206 4378 4547 4561 4145 2767 2793 3048 3038 3454 3010 2944 3015 2900 2951 2616 2398 2335 2737 2898 2506 2649 2255 1663 1600 1651 1178 1133 1331 1362 1527 1682 1896 2137 2251 1449 1644 1919 1852 1908 2083 2127 2558 2275 2468 2678 2763 2891 2933 3115 3404 3370 3641 3743 4085 1916 2112 2531 2711 2966 3500 3440 3550 3743 3644 4176 4248 4645 4453 4013 4818 5092 5387 4929 5410 5805 6259 6346 6583 6670 6938 7589 6400 5729 5693 6298 6871 6651 7312 7787 6222 5828 5720 5301 4169 4621 4524 2005 2424 2933 2814 3057 3097 4032 4284 3607 3853 4133 3308 3780 3071 3398 3310 3762 3800 3916 4070 4236 4546 5118 5200 5300 5360 5146 5068 5064 5085 4850 4727 4854 4940 7226 8120 9173 9192 8248 9217 10683 11301 11856 11407 11055 9942 9425 13517 13530 13551 13268 13068 12953 12319 11661 10162 10043 9051 10992 12735 14945 14861 16887 18174 
